1.5708,1.5708,1.5708,1.5708,1.5708,1.5708,1.5708,1.5708,1.5708,1.5708,1.5708,1.5708,1.5708,1.5708,1.5708,1.5708,1.5708,1.5708,1.5708,1.5708,1.5708,1.5708,1.5708,1.5708,1.5708,1.5708,1.5708,1.5708,1.5708,1.5708,1.5708,1.5708,1.5708,1.5708,1.5708,1.5708,1.5708,1.5708,1.5708,1.5708,1.5708,1.5708,1.5708,1.5708,1.5708,1.5708,1.5708,1.5708,1.5708,1.5708,1.5708,1.5708,1.5708,1.5708,1.5708,1.5708,1.5708,1.5708,1.5708,1.5708,1.5708,1.5708,1.5708,1.5708
1.5708,1.5708,1.5708,1.5708,1.5708,1.5708,1.5708,1.5708,1.5708,1.5708,1.5708,1.5708,1.5708,1.5708,1.5708,1.5708,1.5708,1.5708,1.5708,1.5708,1.5708,1.5708,1.5708,1.5708,1.5708,1.5708,1.5708,1.5708,1.5708,1.5708,1.5708,1.5708,1.5708,1.5708,1.5708,1.5708,1.5708,1.5708,1.5708,1.5708,1.5708,1.5708,1.5708,1.5708,1.5708,1.5708,1.5708,1.5708,1.5708,1.5708,1.5708,1.5708,1.5708,1.5708,1.5708,1.5708,1.5708,1.5708,1.5708,1.5708,1.5708,1.5708,1.5708,1.5708
0.81363,0.81962,0.83769,0.86811,0.91141,0.96834,1.04,1.128,1.2346,1.3631,1.5187,1.5708,1.5708,1.5708,1.5708,1.5708,1.5708,1.5708,1.5708,1.5708,1.5708,1.5708,1.5708,1.5708,1.5708,1.5708,1.5708,1.5708,1.5708,1.5708,1.5708,1.5708,1.5708,1.5708,1.5708,1.5708,1.5708,1.5708,1.5708,1.5708,1.5708,1.5708,1.5708,1.5708,1.5708,1.5708,1.5708,1.5708,1.5708,1.5708,1.5708,1.5708,1.5708,1.5187,1.3631,1.2346,1.128,1.04,0.96834,0.91141,0.86811,0.83769,0.81962,0.81363
0,0,0,0,0,0,0,0,0,0,0,0,0,0.0048149,0.12708,0.26418,0.41836,0.59271,0.79172,1.0223,1.2963,1.5708,1.5708,1.5708,1.5708,1.5708,1.5708,1.5708,1.5708,1.5708,1.5708,1.5708,1.5708,1.5708,1.5708,1.5708,1.5708,1.5708,1.5708,1.5708,1.5708,1.5708,1.5708,1.2963,1.0223,0.79172,0.59271,0.41836,0.26418,0.12708,0.0048149,0,0,0,0,0,0,0,0,0,0,0,0,0
0,0,0,0,0,0,0,0,0,0,0,0,0,0,0,0,0,0,0,0,0,0.12357,0.32899,0.56143,0.829,1.1458,1.5408,1.5708,1.5708,1.5708,1.5708,1.5708,1.5708,1.5708,1.5708,1.5708,1.5708,1.5408,1.1458,0.829,0.56143,0.32899,0.12357,0,0,0,0,0,0,0,0,0,0,0,0,0,0,0,0,0,0,0,0,0
0,0,0,0,0,0,0,0,0,0,0,0,0,0,0,0,0,0,0,0,0,0,0,0,0,0.21808,0.47207,0.76461,1.1123,1.5509,1.5708,1.5708,1.5708,1.5708,1.5509,1.1123,0.76461,0.47207,0.21808,0,0,0,0,0,0,0,0,0,0,0,0,0,0,0,0,0,0,0,0,0,0,0,0,0
0,0,0,0,0,0,0,0,0,0,0,0,0,0,0,0,0,0,0,0,0,0,0,0,0,0,0.074316,0.32523,0.61179,0.94793,1.3615,1.5708,1.5708,1.3615,0.94793,0.61179,0.32523,0.074316,0,0,0,0,0,0,0,0,0,0,0,0,0,0,0,0,0,0,0,0,0,0,0,0,0,0
0,0,0,0,0,0,0,0,0,0,0,0,0,0,0,0,0,0,0,0,0,0,0,0,0,0,0.074316,0.32523,0.61179,0.94793,1.3615,1.5708,1.5708,1.3615,0.94793,0.61179,0.32523,0.074316,0,0,0,0,0,0,0,0,0,0,0,0,0,0,0,0,0,0,0,0,0,0,0,0,0,0
0,0,0,0,0,0,0,0,0,0,0,0,0,0,0,0,0,0,0,0,0,0,0,0,0,0.21808,0.47207,0.76461,1.1123,1.5509,1.5708,1.5708,1.5708,1.5708,1.5509,1.1123,0.76461,0.47207,0.21808,0,0,0,0,0,0,0,0,0,0,0,0,0,0,0,0,0,0,0,0,0,0,0,0,0
0,0,0,0,0,0,0,0,0,0,0,0,0,0,0,0,0,0,0,0,0,0.12357,0.32899,0.56143,0.829,1.1458,1.5408,1.5708,1.5708,1.5708,1.5708,1.5708,1.5708,1.5708,1.5708,1.5708,1.5708,1.5408,1.1458,0.829,0.56143,0.32899,0.12357,0,0,0,0,0,0,0,0,0,0,0,0,0,0,0,0,0,0,0,0,0
0,0,0,0,0,0,0,0,0,0,0,0,0,0.0048149,0.12708,0.26418,0.41836,0.59271,0.79172,1.0223,1.2963,1.5708,1.5708,1.5708,1.5708,1.5708,1.5708,1.5708,1.5708,1.5708,1.5708,1.5708,1.5708,1.5708,1.5708,1.5708,1.5708,1.5708,1.5708,1.5708,1.5708,1.5708,1.5708,1.2963,1.0223,0.79172,0.59271,0.41836,0.26418,0.12708,0.0048149,0,0,0,0,0,0,0,0,0,0,0,0,0
0.81363,0.81962,0.83769,0.86811,0.91141,0.96834,1.04,1.128,1.2346,1.3631,1.5187,1.5708,1.5708,1.5708,1.5708,1.5708,1.5708,1.5708,1.5708,1.5708,1.5708,1.5708,1.5708,1.5708,1.5708,1.5708,1.5708,1.5708,1.5708,1.5708,1.5708,1.5708,1.5708,1.5708,1.5708,1.5708,1.5708,1.5708,1.5708,1.5708,1.5708,1.5708,1.5708,1.5708,1.5708,1.5708,1.5708,1.5708,1.5708,1.5708,1.5708,1.5708,1.5708,1.5187,1.3631,1.2346,1.128,1.04,0.96834,0.91141,0.86811,0.83769,0.81962,0.81363
1.5708,1.5708,1.5708,1.5708,1.5708,1.5708,1.5708,1.5708,1.5708,1.5708,1.5708,1.5708,1.5708,1.5708,1.5708,1.5708,1.5708,1.5708,1.5708,1.5708,1.5708,1.5708,1.5708,1.5708,1.5708,1.5708,1.5708,1.5708,1.5708,1.5708,1.5708,1.5708,1.5708,1.5708,1.5708,1.5708,1.5708,1.5708,1.5708,1.5708,1.5708,1.5708,1.5708,1.5708,1.5708,1.5708,1.5708,1.5708,1.5708,1.5708,1.5708,1.5708,1.5708,1.5708,1.5708,1.5708,1.5708,1.5708,1.5708,1.5708,1.5708,1.5708,1.5708,1.5708
1.5708,1.5708,1.5708,1.5708,1.5708,1.5708,1.5708,1.5708,1.5708,1.5708,1.5708,1.5708,1.5708,1.5708,1.5708,1.5708,1.5708,1.5708,1.5708,1.5708,1.5708,1.5708,1.5708,1.5708,1.5708,1.5708,1.5708,1.5708,1.5708,1.5708,1.5708,1.5708,1.5708,1.5708,1.5708,1.5708,1.5708,1.5708,1.5708,1.5708,1.5708,1.5708,1.5708,1.5708,1.5708,1.5708,1.5708,1.5708,1.5708,1.5708,1.5708,1.5708,1.5708,1.5708,1.5708,1.5708,1.5708,1.5708,1.5708,1.5708,1.5708,1.5708,1.5708,1.5708
1.5708,1.5708,1.5708,1.5708,1.5708,1.5708,1.5708,1.5708,1.5708,1.5708,1.5708,1.5708,1.5708,1.5708,1.5708,1.5708,1.5708,1.5708,1.5708,1.5708,1.5708,1.5708,1.5708,1.5708,1.5708,1.5708,1.5708,1.5708,1.5708,1.5708,1.5708,1.5708,1.5708,1.5708,1.5708,1.5708,1.5708,1.5708,1.5708,1.5708,1.5708,1.5708,1.5708,1.5708,1.5708,1.5708,1.5708,1.5708,1.5708,1.5708,1.5708,1.5708,1.5708,1.5708,1.5708,1.5708,1.5708,1.5708,1.5708,1.5708,1.5708,1.5708,1.5708,1.5708
1.5708,1.5708,1.5708,1.5708,1.5708,1.5708,1.5708,1.5708,1.5708,1.5708,1.5708,1.5708,1.5708,1.5708,1.5708,1.5708,1.5708,1.5708,1.5708,1.5708,1.5708,1.5708,1.5708,1.5708,1.5708,1.5708,1.5708,1.5708,1.5708,1.5708,1.5708,1.5708,1.5708,1.5708,1.5708,1.5708,1.5708,1.5708,1.5708,1.5708,1.5708,1.5708,1.5708,1.5708,1.5708,1.5708,1.5708,1.5708,1.5708,1.5708,1.5708,1.5708,1.5708,1.5708,1.5708,1.5708,1.5708,1.5708,1.5708,1.5708,1.5708,1.5708,1.5708,1.5708
1.5708,1.5708,1.5708,1.5708,1.5708,1.5708,1.5708,1.5708,1.5708,1.5708,1.5708,1.5708,1.5708,1.5708,1.5708,1.5708,1.5708,1.5708,1.5708,1.5708,1.5708,1.5708,1.5708,1.5708,1.5708,1.5708,1.5708,1.5708,1.5708,1.5708,1.5708,1.5708,1.5708,1.5708,1.5708,1.5708,1.5708,1.5708,1.5708,1.5708,1.5708,1.5708,1.5708,1.5708,1.5708,1.5708,1.5708,1.5708,1.5708,1.5708,1.5708,1.5708,1.5708,1.5708,1.5708,1.5708,1.5708,1.5708,1.5708,1.5708,1.5708,1.5708,1.5708,1.5708
1.5708,1.5708,1.5708,1.5708,1.5708,1.5708,1.5708,1.5708,1.5708,1.5708,1.5708,1.5708,1.5708,1.5708,1.5708,1.5708,1.5708,1.5708,1.5708,1.5708,1.5708,1.5708,1.5708,1.5708,1.5708,1.5708,1.5708,1.5708,1.5708,1.5708,1.5708,1.5708,1.5708,1.5708,1.5708,1.5708,1.5708,1.5708,1.5708,1.5708,1.5708,1.5708,1.5708,1.5708,1.5708,1.5708,1.5708,1.5708,1.5708,1.5708,1.5708,1.5708,1.5708,1.5708,1.5708,1.5708,1.5708,1.5708,1.5708,1.5708,1.5708,1.5708,1.5708,1.5708
1.5708,1.5708,1.5708,1.5708,1.5708,1.5708,1.5708,1.5708,1.5708,1.5708,1.5708,1.5708,1.5708,1.5708,1.5708,1.5708,1.5708,1.5708,1.5708,1.5708,1.5708,1.5708,1.5708,1.5708,1.5708,1.5708,1.5708,1.5708,1.5708,1.5708,1.5708,1.5708,1.5708,1.5708,1.5708,1.5708,1.5708,1.5708,1.5708,1.5708,1.5708,1.5708,1.5708,1.5708,1.5708,1.5708,1.5708,1.5708,1.5708,1.5708,1.5708,1.5708,1.5708,1.5708,1.5708,1.5708,1.5708,1.5708,1.5708,1.5708,1.5708,1.5708,1.5708,1.5708
1.5708,1.5708,1.5708,1.5708,1.5708,1.5708,1.5708,1.5708,1.5708,1.5708,1.5708,1.5708,1.5708,1.5708,1.5708,1.5708,1.5708,1.5708,1.5708,1.5708,1.5708,1.5708,1.5708,1.5708,1.5708,1.5708,1.5708,1.5708,1.5708,1.5708,1.5708,1.5708,1.5708,1.5708,1.5708,1.5708,1.5708,1.5708,1.5708,1.5708,1.5708,1.5708,1.5708,1.5708,1.5708,1.5708,1.5708,1.5708,1.5708,1.5708,1.5708,1.5708,1.5708,1.5708,1.5708,1.5708,1.5708,1.5708,1.5708,1.5708,1.5708,1.5708,1.5708,1.5708
1.5708,1.5708,1.5708,1.5708,1.5708,1.5708,1.5708,1.5708,1.5708,1.5708,1.5708,1.5708,1.5708,1.5708,1.5708,1.5708,1.5708,1.5708,1.5708,1.5708,1.5708,1.5708,1.5708,1.5708,1.5708,1.5708,1.5708,1.5708,1.5708,1.5708,1.5708,1.5708,1.5708,1.5708,1.5708,1.5708,1.5708,1.5708,1.5708,1.5708,1.5708,1.5708,1.5708,1.5708,1.5708,1.5708,1.5708,1.5708,1.5708,1.5708,1.5708,1.5708,1.5708,1.5708,1.5708,1.5708,1.5708,1.5708,1.5708,1.5708,1.5708,1.5708,1.5708,1.5708
1.5708,1.5708,1.5708,1.5708,1.5708,1.5708,1.5708,1.5708,1.5708,1.5708,1.5708,1.5708,1.5708,1.5708,1.5708,1.5708,1.5708,1.5708,1.5708,1.5708,1.5708,1.5708,1.5708,1.5708,1.5708,1.5708,1.5708,1.5708,1.5708,1.5708,1.5708,1.5708,1.5708,1.5708,1.5708,1.5708,1.5708,1.5708,1.5708,1.5708,1.5708,1.5708,1.5708,1.5708,1.5708,1.5708,1.5708,1.5708,1.5708,1.5708,1.5708,1.5708,1.5708,1.5708,1.5708,1.5708,1.5708,1.5708,1.5708,1.5708,1.5708,1.5708,1.5708,1.5708
1.5708,1.5708,1.5708,1.5708,1.5708,1.5708,1.5708,1.5708,1.5708,1.5708,1.5708,1.5708,1.5708,1.5708,1.5708,1.5708,1.5708,1.5708,1.5708,1.5708,1.5708,1.5708,1.5708,1.5708,1.5708,1.5708,1.5708,1.5708,1.5708,1.5708,1.5708,1.5708,1.5708,1.5708,1.5708,1.5708,1.5708,1.5708,1.5708,1.5708,1.5708,1.5708,1.5708,1.5708,1.5708,1.5708,1.5708,1.5708,1.5708,1.5708,1.5708,1.5708,1.5708,1.5708,1.5708,1.5708,1.5708,1.5708,1.5708,1.5708,1.5708,1.5708,1.5708,1.5708
1.5708,1.5708,1.5708,1.5708,1.5708,1.5708,1.5708,1.5708,1.5708,1.5708,1.5708,1.5708,1.5708,1.5708,1.5708,1.5708,1.5708,1.5708,1.5708,1.5708,1.5708,1.5708,1.5708,1.5708,1.5708,1.5708,1.5708,1.5708,1.5708,1.5708,1.5708,1.5708,1.5708,1.5708,1.5708,1.5708,1.5708,1.5708,1.5708,1.5708,1.5708,1.5708,1.5708,1.5708,1.5708,1.5708,1.5708,1.5708,1.5708,1.5708,1.5708,1.5708,1.5708,1.5708,1.5708,1.5708,1.5708,1.5708,1.5708,1.5708,1.5708,1.5708,1.5708,1.5708
1.5708,1.5708,1.5708,1.5708,1.5708,1.5708,1.5708,1.5708,1.5708,1.5708,1.5708,1.5708,1.5708,1.5708,1.5708,1.5708,1.5708,1.5708,1.5708,1.5708,1.5708,1.5708,1.5708,1.5708,1.5708,1.5708,1.5708,1.5708,1.5708,1.5708,1.5708,1.5708,1.5708,1.5708,1.5708,1.5708,1.5708,1.5708,1.5708,1.5708,1.5708,1.5708,1.5708,1.5708,1.5708,1.5708,1.5708,1.5708,1.5708,1.5708,1.5708,1.5708,1.5708,1.5708,1.5708,1.5708,1.5708,1.5708,1.5708,1.5708,1.5708,1.5708,1.5708,1.5708
1.5708,1.5708,1.5708,1.5708,1.5708,1.5708,1.5708,1.5708,1.5708,1.5708,1.5708,1.5708,1.5708,1.5708,1.5708,1.5708,1.5708,1.5708,1.5708,1.5708,1.5708,1.5708,1.5708,1.5708,1.5708,1.5708,1.5708,1.5708,1.5708,1.5708,1.5708,1.5708,1.5708,1.5708,1.5708,1.5708,1.5708,1.5708,1.5708,1.5708,1.5708,1.5708,1.5708,1.5708,1.5708,1.5708,1.5708,1.5708,1.5708,1.5708,1.5708,1.5708,1.5708,1.5708,1.5708,1.5708,1.5708,1.5708,1.5708,1.5708,1.5708,1.5708,1.5708,1.5708
1.5708,1.5708,1.5708,1.5708,1.5708,1.5708,1.5708,1.5708,1.5708,1.5708,1.5708,1.5708,1.5708,1.5708,1.5708,1.5708,1.5708,1.5708,1.5708,1.5708,1.5708,1.5708,1.5708,1.5708,1.5708,1.5708,1.5708,1.5708,1.5708,1.5708,1.5708,1.5708,1.5708,1.5708,1.5708,1.5708,1.5708,1.5708,1.5708,1.5708,1.5708,1.5708,1.5708,1.5708,1.5708,1.5708,1.5708,1.5708,1.5708,1.5708,1.5708,1.5708,1.5708,1.5708,1.5708,1.5708,1.5708,1.5708,1.5708,1.5708,1.5708,1.5708,1.5708,1.5708
1.5708,1.5708,1.5708,1.5708,1.5708,1.5708,1.5708,1.5708,1.5708,1.5708,1.5708,1.5708,1.5708,1.5708,1.5708,1.5708,1.5708,1.5708,1.5708,1.5708,1.5708,1.5708,1.5708,1.5708,1.5708,1.5708,1.5708,1.5708,1.5708,1.5708,1.5708,1.5708,1.5708,1.5708,1.5708,1.5708,1.5708,1.5708,1.5708,1.5708,1.5708,1.5708,1.5708,1.5708,1.5708,1.5708,1.5708,1.5708,1.5708,1.5708,1.5708,1.5708,1.5708,1.5708,1.5708,1.5708,1.5708,1.5708,1.5708,1.5708,1.5708,1.5708,1.5708,1.5708
1.5708,1.5708,1.5708,1.5708,1.5708,1.5708,1.5708,1.5708,1.5708,1.5708,1.5708,1.5708,1.5708,1.5708,1.5708,1.5708,1.5708,1.5708,1.5708,1.5708,1.5708,1.5708,1.5708,1.5708,1.5708,1.5708,1.5708,1.5708,1.5708,1.5708,1.5708,1.5708,1.5708,1.5708,1.5708,1.5708,1.5708,1.5708,1.5708,1.5708,1.5708,1.5708,1.5708,1.5708,1.5708,1.5708,1.5708,1.5708,1.5708,1.5708,1.5708,1.5708,1.5708,1.5708,1.5708,1.5708,1.5708,1.5708,1.5708,1.5708,1.5708,1.5708,1.5708,1.5708
1.5708,1.5708,1.5708,1.5708,1.5708,1.5708,1.5708,1.5708,1.5708,1.5708,1.5708,1.5708,1.5708,1.5708,1.5708,1.5708,1.5708,1.5708,1.5708,1.5708,1.5708,1.5708,1.5708,1.5708,1.5708,1.5708,1.5708,1.5708,1.5708,1.5708,1.5708,1.5708,1.5708,1.5708,1.5708,1.5708,1.5708,1.5708,1.5708,1.5708,1.5708,1.5708,1.5708,1.5708,1.5708,1.5708,1.5708,1.5708,1.5708,1.5708,1.5708,1.5708,1.5708,1.5708,1.5708,1.5708,1.5708,1.5708,1.5708,1.5708,1.5708,1.5708,1.5708,1.5708
1.5708,1.5708,1.5708,1.5708,1.5708,1.5708,1.5708,1.5708,1.5708,1.5708,1.5708,1.5708,1.5708,1.5708,1.5708,1.5708,1.5708,1.5708,1.5708,1.5708,1.5708,1.5708,1.5708,1.5708,1.5708,1.5708,1.5708,1.5708,1.5708,1.5708,1.5708,1.5708,1.5708,1.5708,1.5708,1.5708,1.5708,1.5708,1.5708,1.5708,1.5708,1.5708,1.5708,1.5708,1.5708,1.5708,1.5708,1.5708,1.5708,1.5708,1.5708,1.5708,1.5708,1.5708,1.5708,1.5708,1.5708,1.5708,1.5708,1.5708,1.5708,1.5708,1.5708,1.5708
1.5708,1.5708,1.5708,1.5708,1.5708,1.5708,1.5708,1.5708,1.5708,1.5708,1.5708,1.5708,1.5708,1.5708,1.5708,1.5708,1.5708,1.5708,1.5708,1.5708,1.5708,1.5708,1.5708,1.5708,1.5708,1.5708,1.5708,1.5708,1.5708,1.5708,1.5708,1.5708,1.5708,1.5708,1.5708,1.5708,1.5708,1.5708,1.5708,1.5708,1.5708,1.5708,1.5708,1.5708,1.5708,1.5708,1.5708,1.5708,1.5708,1.5708,1.5708,1.5708,1.5708,1.5708,1.5708,1.5708,1.5708,1.5708,1.5708,1.5708,1.5708,1.5708,1.5708,1.5708
1.5708,1.5708,1.5708,1.5708,1.5708,1.5708,1.5708,1.5708,1.5708,1.5708,1.5708,1.5708,1.5708,1.5708,1.5708,1.5708,1.5708,1.5708,1.5708,1.5708,1.5708,1.5708,1.5708,1.5708,1.5708,1.5708,1.5708,1.5708,1.5708,1.5708,1.5708,1.5708,1.5708,1.5708,1.5708,1.5708,1.5708,1.5708,1.5708,1.5708,1.5708,1.5708,1.5708,1.5708,1.5708,1.5708,1.5708,1.5708,1.5708,1.5708,1.5708,1.5708,1.5708,1.5708,1.5708,1.5708,1.5708,1.5708,1.5708,1.5708,1.5708,1.5708,1.5708,1.5708
1.5708,1.5708,1.5708,1.5708,1.5708,1.5708,1.5708,1.5708,1.5708,1.5708,1.5708,1.5708,1.5708,1.5708,1.5708,1.5708,1.5708,1.5708,1.5708,1.5708,1.5708,1.5708,1.5708,1.5708,1.5708,1.5708,1.5708,1.5708,1.5708,1.5708,1.5708,1.5708,1.5708,1.5708,1.5708,1.5708,1.5708,1.5708,1.5708,1.5708,1.5708,1.5708,1.5708,1.5708,1.5708,1.5708,1.5708,1.5708,1.5708,1.5708,1.5708,1.5708,1.5708,1.5708,1.5708,1.5708,1.5708,1.5708,1.5708,1.5708,1.5708,1.5708,1.5708,1.5708
1.5708,1.5708,1.5708,1.5708,1.5708,1.5708,1.5708,1.5708,1.5708,1.5708,1.5708,1.5708,1.5708,1.5708,1.5708,1.5708,1.5708,1.5708,1.5708,1.5708,1.5708,1.5708,1.5708,1.5708,1.5708,1.5708,1.5708,1.5708,1.5708,1.5708,1.5708,1.5708,1.5708,1.5708,1.5708,1.5708,1.5708,1.5708,1.5708,1.5708,1.5708,1.5708,1.5708,1.5708,1.5708,1.5708,1.5708,1.5708,1.5708,1.5708,1.5708,1.5708,1.5708,1.5708,1.5708,1.5708,1.5708,1.5708,1.5708,1.5708,1.5708,1.5708,1.5708,1.5708
1.5708,1.5708,1.5708,1.5708,1.5708,1.5708,1.5708,1.5708,1.5708,1.5708,1.5708,1.5708,1.5708,1.5708,1.5708,1.5708,1.5708,1.5708,1.5708,1.5708,1.5708,1.5708,1.5708,1.5708,1.5708,1.5708,1.5708,1.5708,1.5708,1.5708,1.5708,1.5708,1.5708,1.5708,1.5708,1.5708,1.5708,1.5708,1.5708,1.5708,1.5708,1.5708,1.5708,1.5708,1.5708,1.5708,1.5708,1.5708,1.5708,1.5708,1.5708,1.5708,1.5708,1.5708,1.5708,1.5708,1.5708,1.5708,1.5708,1.5708,1.5708,1.5708,1.5708,1.5708
1.5708,1.5708,1.5708,1.5708,1.5708,1.5708,1.5708,1.5708,1.5708,1.5708,1.5708,1.5708,1.5708,1.5708,1.5708,1.5708,1.5708,1.5708,1.5708,1.5708,1.5708,1.5708,1.5708,1.5708,1.5708,1.5708,1.5708,1.5708,1.5708,1.5708,1.5708,1.5708,1.5708,1.5708,1.5708,1.5708,1.5708,1.5708,1.5708,1.5708,1.5708,1.5708,1.5708,1.5708,1.5708,1.5708,1.5708,1.5708,1.5708,1.5708,1.5708,1.5708,1.5708,1.5708,1.5708,1.5708,1.5708,1.5708,1.5708,1.5708,1.5708,1.5708,1.5708,1.5708
1.5708,1.5708,1.5708,1.5708,1.5708,1.5708,1.5708,1.5708,1.5708,1.5708,1.5708,1.5708,1.5708,1.5708,1.5708,1.5708,1.5708,1.5708,1.5708,1.5708,1.5708,1.5708,1.5708,1.5708,1.5708,1.5708,1.5708,1.5708,1.5708,1.5708,1.5708,1.5708,1.5708,1.5708,1.5708,1.5708,1.5708,1.5708,1.5708,1.5708,1.5708,1.5708,1.5708,1.5708,1.5708,1.5708,1.5708,1.5708,1.5708,1.5708,1.5708,1.5708,1.5708,1.5708,1.5708,1.5708,1.5708,1.5708,1.5708,1.5708,1.5708,1.5708,1.5708,1.5708
1.5708,1.5708,1.5708,1.5708,1.5708,1.5708,1.5708,1.5708,1.5708,1.5708,1.5708,1.5708,1.5708,1.5708,1.5708,1.5708,1.5708,1.5708,1.5708,1.5708,1.5708,1.5708,1.5708,1.5708,1.5708,1.5708,1.5708,1.5708,1.5708,1.5708,1.5708,1.5708,1.5708,1.5708,1.5708,1.5708,1.5708,1.5708,1.5708,1.5708,1.5708,1.5708,1.5708,1.5708,1.5708,1.5708,1.5708,1.5708,1.5708,1.5708,1.5708,1.5708,1.5708,1.5708,1.5708,1.5708,1.5708,1.5708,1.5708,1.5708,1.5708,1.5708,1.5708,1.5708
1.5708,1.5708,1.5708,1.5708,1.5708,1.5708,1.5708,1.5708,1.5708,1.5708,1.5708,1.5708,1.5708,1.5708,1.5708,1.5708,1.5708,1.5708,1.5708,1.5708,1.5708,1.5708,1.5708,1.5708,1.5708,1.5708,1.5708,1.5708,1.5708,1.5708,1.5708,1.5708,1.5708,1.5708,1.5708,1.5708,1.5708,1.5708,1.5708,1.5708,1.5708,1.5708,1.5708,1.5708,1.5708,1.5708,1.5708,1.5708,1.5708,1.5708,1.5708,1.5708,1.5708,1.5708,1.5708,1.5708,1.5708,1.5708,1.5708,1.5708,1.5708,1.5708,1.5708,1.5708
1.5708,1.5708,1.5708,1.5708,1.5708,1.5708,1.5708,1.5708,1.5708,1.5708,1.5708,1.5708,1.5708,1.5708,1.5708,1.5708,1.5708,1.5708,1.5708,1.5708,1.5708,1.5708,1.5708,1.5708,1.5708,1.5708,1.5708,1.5708,1.5708,1.5708,1.5708,1.5708,1.5708,1.5708,1.5708,1.5708,1.5708,1.5708,1.5708,1.5708,1.5708,1.5708,1.5708,1.5708,1.5708,1.5708,1.5708,1.5708,1.5708,1.5708,1.5708,1.5708,1.5708,1.5708,1.5708,1.5708,1.5708,1.5708,1.5708,1.5708,1.5708,1.5708,1.5708,1.5708
1.5708,1.5708,1.5708,1.5708,1.5708,1.5708,1.5708,1.5708,1.5708,1.5708,1.5708,1.5708,1.5708,1.5708,1.5708,1.5708,1.5708,1.5708,1.5708,1.5708,1.5708,1.5708,1.5708,1.5708,1.5708,1.5708,1.5708,1.5708,1.5708,1.5708,1.5708,1.5708,1.5708,1.5708,1.5708,1.5708,1.5708,1.5708,1.5708,1.5708,1.5708,1.5708,1.5708,1.5708,1.5708,1.5708,1.5708,1.5708,1.5708,1.5708,1.5708,1.5708,1.5708,1.5708,1.5708,1.5708,1.5708,1.5708,1.5708,1.5708,1.5708,1.5708,1.5708,1.5708
1.5708,1.5708,1.5708,1.5708,1.5708,1.5708,1.5708,1.5708,1.5708,1.5708,1.5708,1.5708,1.5708,1.5708,1.5708,1.5708,1.5708,1.5708,1.5708,1.5708,1.5708,1.5708,1.5708,1.5708,1.5708,1.5708,1.5708,1.5708,1.5708,1.5708,1.5708,1.5708,1.5708,1.5708,1.5708,1.5708,1.5708,1.5708,1.5708,1.5708,1.5708,1.5708,1.5708,1.5708,1.5708,1.5708,1.5708,1.5708,1.5708,1.5708,1.5708,1.5708,1.5708,1.5708,1.5708,1.5708,1.5708,1.5708,1.5708,1.5708,1.5708,1.5708,1.5708,1.5708
1.5708,1.5708,1.5708,1.5708,1.5708,1.5708,1.5708,1.5708,1.5708,1.5708,1.5708,1.5708,1.5708,1.5708,1.5708,1.5708,1.5708,1.5708,1.5708,1.5708,1.5708,1.5708,1.5708,1.5708,1.5708,1.5708,1.5708,1.5708,1.5708,1.5708,1.5708,1.5708,1.5708,1.5708,1.5708,1.5708,1.5708,1.5708,1.5708,1.5708,1.5708,1.5708,1.5708,1.5708,1.5708,1.5708,1.5708,1.5708,1.5708,1.5708,1.5708,1.5708,1.5708,1.5708,1.5708,1.5708,1.5708,1.5708,1.5708,1.5708,1.5708,1.5708,1.5708,1.5708
1.5708,1.5708,1.5708,1.5708,1.5708,1.5708,1.5708,1.5708,1.5708,1.5708,1.5708,1.5708,1.5708,1.5708,1.5708,1.5708,1.5708,1.5708,1.5708,1.5708,1.5708,1.5708,1.5708,1.5708,1.5708,1.5708,1.5708,1.5708,1.5708,1.5708,1.5708,1.5708,1.5708,1.5708,1.5708,1.5708,1.5708,1.5708,1.5708,1.5708,1.5708,1.5708,1.5708,1.5708,1.5708,1.5708,1.5708,1.5708,1.5708,1.5708,1.5708,1.5708,1.5708,1.5708,1.5708,1.5708,1.5708,1.5708,1.5708,1.5708,1.5708,1.5708,1.5708,1.5708
1.5708,1.5708,1.5708,1.5708,1.5708,1.5708,1.5708,1.5708,1.5708,1.5708,1.5708,1.5708,1.5708,1.5708,1.5708,1.5708,1.5708,1.5708,1.5708,1.5708,1.5708,1.5708,1.5708,1.5708,1.5708,1.5708,1.5708,1.5708,1.5708,1.5708,1.5708,1.5708,1.5708,1.5708,1.5708,1.5708,1.5708,1.5708,1.5708,1.5708,1.5708,1.5708,1.5708,1.5708,1.5708,1.5708,1.5708,1.5708,1.5708,1.5708,1.5708,1.5708,1.5708,1.5708,1.5708,1.5708,1.5708,1.5708,1.5708,1.5708,1.5708,1.5708,1.5708,1.5708
1.5708,1.5708,1.5708,1.5708,1.5708,1.5708,1.5708,1.5708,1.5708,1.5708,1.5708,1.5708,1.5708,1.5708,1.5708,1.5708,1.5708,1.5708,1.5708,1.5708,1.5708,1.5708,1.5708,1.5708,1.5708,1.5708,1.5708,1.5708,1.5708,1.5708,1.5708,1.5708,1.5708,1.5708,1.5708,1.5708,1.5708,1.5708,1.5708,1.5708,1.5708,1.5708,1.5708,1.5708,1.5708,1.5708,1.5708,1.5708,1.5708,1.5708,1.5708,1.5708,1.5708,1.5708,1.5708,1.5708,1.5708,1.5708,1.5708,1.5708,1.5708,1.5708,1.5708,1.5708
1.5708,1.5708,1.5708,1.5708,1.5708,1.5708,1.5708,1.5708,1.5708,1.5708,1.5708,1.5708,1.5708,1.5708,1.5708,1.5708,1.5708,1.5708,1.5708,1.5708,1.5708,1.5708,1.5708,1.5708,1.5708,1.5708,1.5708,1.5708,1.5708,1.5708,1.5708,1.5708,1.5708,1.5708,1.5708,1.5708,1.5708,1.5708,1.5708,1.5708,1.5708,1.5708,1.5708,1.5708,1.5708,1.5708,1.5708,1.5708,1.5708,1.5708,1.5708,1.5708,1.5708,1.5708,1.5708,1.5708,1.5708,1.5708,1.5708,1.5708,1.5708,1.5708,1.5708,1.5708
1.5708,1.5708,1.5708,1.5708,1.5708,1.5708,1.5708,1.5708,1.5708,1.5708,1.5708,1.5708,1.5708,1.5708,1.5708,1.5708,1.5708,1.5708,1.5708,1.5708,1.5708,1.5708,1.5708,1.5708,1.5708,1.5708,1.5708,1.5708,1.5708,1.5708,1.5708,1.5708,1.5708,1.5708,1.5708,1.5708,1.5708,1.5708,1.5708,1.5708,1.5708,1.5708,1.5708,1.5708,1.5708,1.5708,1.5708,1.5708,1.5708,1.5708,1.5708,1.5708,1.5708,1.5708,1.5708,1.5708,1.5708,1.5708,1.5708,1.5708,1.5708,1.5708,1.5708,1.5708
1.5708,1.5708,1.5708,1.5708,1.5708,1.5708,1.5708,1.5708,1.5708,1.5708,1.5708,1.5708,1.5708,1.5708,1.5708,1.5708,1.5708,1.5708,1.5708,1.5708,1.5708,1.5708,1.5708,1.5708,1.5708,1.5708,1.5708,1.5708,1.5708,1.5708,1.5708,1.5708,1.5708,1.5708,1.5708,1.5708,1.5708,1.5708,1.5708,1.5708,1.5708,1.5708,1.5708,1.5708,1.5708,1.5708,1.5708,1.5708,1.5708,1.5708,1.5708,1.5708,1.5708,1.5708,1.5708,1.5708,1.5708,1.5708,1.5708,1.5708,1.5708,1.5708,1.5708,1.5708
1.5708,1.5708,1.5708,1.5708,1.5708,1.5708,1.5708,1.5708,1.5708,1.5708,1.5708,1.5708,1.5708,1.5708,1.5708,1.5708,1.5708,1.5708,1.5708,1.5708,1.5708,1.5708,1.5708,1.5708,1.5708,1.5708,1.5708,1.5708,1.5708,1.5708,1.5708,1.5708,1.5708,1.5708,1.5708,1.5708,1.5708,1.5708,1.5708,1.5708,1.5708,1.5708,1.5708,1.5708,1.5708,1.5708,1.5708,1.5708,1.5708,1.5708,1.5708,1.5708,1.5708,1.5708,1.5708,1.5708,1.5708,1.5708,1.5708,1.5708,1.5708,1.5708,1.5708,1.5708
1.5708,1.5708,1.5708,1.5708,1.5708,1.5708,1.5708,1.5708,1.5708,1.5708,1.5708,1.5708,1.5708,1.5708,1.5708,1.5708,1.5708,1.5708,1.5708,1.5708,1.5708,1.5708,1.5708,1.5708,1.5708,1.5708,1.5708,1.5708,1.5708,1.5708,1.5708,1.5708,1.5708,1.5708,1.5708,1.5708,1.5708,1.5708,1.5708,1.5708,1.5708,1.5708,1.5708,1.5708,1.5708,1.5708,1.5708,1.5708,1.5708,1.5708,1.5708,1.5708,1.5708,1.5708,1.5708,1.5708,1.5708,1.5708,1.5708,1.5708,1.5708,1.5708,1.5708,1.5708
1.5708,1.5708,1.5708,1.5708,1.5708,1.5708,1.5708,1.5708,1.5708,1.5708,1.5708,1.5708,1.5708,1.5708,1.5708,1.5708,1.5708,1.5708,1.5708,1.5708,1.5708,1.5708,1.5708,1.5708,1.5708,1.5708,1.5708,1.5708,1.5708,1.5708,1.5708,1.5708,1.5708,1.5708,1.5708,1.5708,1.5708,1.5708,1.5708,1.5708,1.5708,1.5708,1.5708,1.5708,1.5708,1.5708,1.5708,1.5708,1.5708,1.5708,1.5708,1.5708,1.5708,1.5708,1.5708,1.5708,1.5708,1.5708,1.5708,1.5708,1.5708,1.5708,1.5708,1.5708
1.5708,1.5708,1.5708,1.5708,1.5708,1.5708,1.5708,1.5708,1.5708,1.5708,1.5708,1.5708,1.5708,1.5708,1.5708,1.5708,1.5708,1.5708,1.5708,1.5708,1.5708,1.5708,1.5708,1.5708,1.5708,1.5708,1.5708,1.5708,1.5708,1.5708,1.5708,1.5708,1.5708,1.5708,1.5708,1.5708,1.5708,1.5708,1.5708,1.5708,1.5708,1.5708,1.5708,1.5708,1.5708,1.5708,1.5708,1.5708,1.5708,1.5708,1.5708,1.5708,1.5708,1.5708,1.5708,1.5708,1.5708,1.5708,1.5708,1.5708,1.5708,1.5708,1.5708,1.5708
1.5708,1.5708,1.5708,1.5708,1.5708,1.5708,1.5708,1.5708,1.5708,1.5708,1.5708,1.5708,1.5708,1.5708,1.5708,1.5708,1.5708,1.5708,1.5708,1.5708,1.5708,1.5708,1.5708,1.5708,1.5708,1.5708,1.5708,1.5708,1.5708,1.5708,1.5708,1.5708,1.5708,1.5708,1.5708,1.5708,1.5708,1.5708,1.5708,1.5708,1.5708,1.5708,1.5708,1.5708,1.5708,1.5708,1.5708,1.5708,1.5708,1.5708,1.5708,1.5708,1.5708,1.5708,1.5708,1.5708,1.5708,1.5708,1.5708,1.5708,1.5708,1.5708,1.5708,1.5708
1.5708,1.5708,1.5708,1.5708,1.5708,1.5708,1.5708,1.5708,1.5708,1.5708,1.5708,1.5708,1.5708,1.5708,1.5708,1.5708,1.5708,1.5708,1.5708,1.5708,1.5708,1.5708,1.5708,1.5708,1.5708,1.5708,1.5708,1.5708,1.5708,1.5708,1.5708,1.5708,1.5708,1.5708,1.5708,1.5708,1.5708,1.5708,1.5708,1.5708,1.5708,1.5708,1.5708,1.5708,1.5708,1.5708,1.5708,1.5708,1.5708,1.5708,1.5708,1.5708,1.5708,1.5708,1.5708,1.5708,1.5708,1.5708,1.5708,1.5708,1.5708,1.5708,1.5708,1.5708
1.5708,1.5708,1.5708,1.5708,1.5708,1.5708,1.5708,1.5708,1.5708,1.5708,1.5708,1.5708,1.5708,1.5708,1.5708,1.5708,1.5708,1.5708,1.5708,1.5708,1.5708,1.5708,1.5708,1.5708,1.5708,1.5708,1.5708,1.5708,1.5708,1.5708,1.5708,1.5708,1.5708,1.5708,1.5708,1.5708,1.5708,1.5708,1.5708,1.5708,1.5708,1.5708,1.5708,1.5708,1.5708,1.5708,1.5708,1.5708,1.5708,1.5708,1.5708,1.5708,1.5708,1.5708,1.5708,1.5708,1.5708,1.5708,1.5708,1.5708,1.5708,1.5708,1.5708,1.5708
1.5708,1.5708,1.5708,1.5708,1.5708,1.5708,1.5708,1.5708,1.5708,1.5708,1.5708,1.5708,1.5708,1.5708,1.5708,1.5708,1.5708,1.5708,1.5708,1.5708,1.5708,1.5708,1.5708,1.5708,1.5708,1.5708,1.5708,1.5708,1.5708,1.5708,1.5708,1.5708,1.5708,1.5708,1.5708,1.5708,1.5708,1.5708,1.5708,1.5708,1.5708,1.5708,1.5708,1.5708,1.5708,1.5708,1.5708,1.5708,1.5708,1.5708,1.5708,1.5708,1.5708,1.5708,1.5708,1.5708,1.5708,1.5708,1.5708,1.5708,1.5708,1.5708,1.5708,1.5708
1.5708,1.5708,1.5708,1.5708,1.5708,1.5708,1.5708,1.5708,1.5708,1.5708,1.5708,1.5708,1.5708,1.5708,1.5708,1.5708,1.5708,1.5708,1.5708,1.5708,1.5708,1.5708,1.5708,1.5708,1.5708,1.5708,1.5708,1.5708,1.5708,1.5708,1.5708,1.5708,1.5708,1.5708,1.5708,1.5708,1.5708,1.5708,1.5708,1.5708,1.5708,1.5708,1.5708,1.5708,1.5708,1.5708,1.5708,1.5708,1.5708,1.5708,1.5708,1.5708,1.5708,1.5708,1.5708,1.5708,1.5708,1.5708,1.5708,1.5708,1.5708,1.5708,1.5708,1.5708
1.5708,1.5708,1.5708,1.5708,1.5708,1.5708,1.5708,1.5708,1.5708,1.5708,1.5708,1.5708,1.5708,1.5708,1.5708,1.5708,1.5708,1.5708,1.5708,1.5708,1.5708,1.5708,1.5708,1.5708,1.5708,1.5708,1.5708,1.5708,1.5708,1.5708,1.5708,1.5708,1.5708,1.5708,1.5708,1.5708,1.5708,1.5708,1.5708,1.5708,1.5708,1.5708,1.5708,1.5708,1.5708,1.5708,1.5708,1.5708,1.5708,1.5708,1.5708,1.5708,1.5708,1.5708,1.5708,1.5708,1.5708,1.5708,1.5708,1.5708,1.5708,1.5708,1.5708,1.5708
1.5708,1.5708,1.5708,1.5708,1.5708,1.5708,1.5708,1.5708,1.5708,1.5708,1.5708,1.5708,1.5708,1.5708,1.5708,1.5708,1.5708,1.5708,1.5708,1.5708,1.5708,1.5708,1.5708,1.5708,1.5708,1.5708,1.5708,1.5708,1.5708,1.5708,1.5708,1.5708,1.5708,1.5708,1.5708,1.5708,1.5708,1.5708,1.5708,1.5708,1.5708,1.5708,1.5708,1.5708,1.5708,1.5708,1.5708,1.5708,1.5708,1.5708,1.5708,1.5708,1.5708,1.5708,1.5708,1.5708,1.5708,1.5708,1.5708,1.5708,1.5708,1.5708,1.5708,1.5708
1.5708,1.5708,1.5708,1.5708,1.5708,1.5708,1.5708,1.5708,1.5708,1.5708,1.5708,1.5708,1.5708,1.5708,1.5708,1.5708,1.5708,1.5708,1.5708,1.5708,1.5708,1.5708,1.5708,1.5708,1.5708,1.5708,1.5708,1.5708,1.5708,1.5708,1.5708,1.5708,1.5708,1.5708,1.5708,1.5708,1.5708,1.5708,1.5708,1.5708,1.5708,1.5708,1.5708,1.5708,1.5708,1.5708,1.5708,1.5708,1.5708,1.5708,1.5708,1.5708,1.5708,1.5708,1.5708,1.5708,1.5708,1.5708,1.5708,1.5708,1.5708,1.5708,1.5708,1.5708
1.5708,1.5708,1.5708,1.5708,1.5708,1.5708,1.5708,1.5708,1.5708,1.5708,1.5708,1.5708,1.5708,1.5708,1.5708,1.5708,1.5708,1.5708,1.5708,1.5708,1.5708,1.5708,1.5708,1.5708,1.5708,1.5708,1.5708,1.5708,1.5708,1.5708,1.5708,1.5708,1.5708,1.5708,1.5708,1.5708,1.5708,1.5708,1.5708,1.5708,1.5708,1.5708,1.5708,1.5708,1.5708,1.5708,1.5708,1.5708,1.5708,1.5708,1.5708,1.5708,1.5708,1.5708,1.5708,1.5708,1.5708,1.5708,1.5708,1.5708,1.5708,1.5708,1.5708,1.5708
1.5708,1.5708,1.5708,1.5708,1.5708,1.5708,1.5708,1.5708,1.5708,1.5708,1.5708,1.5708,1.5708,1.5708,1.5708,1.5708,1.5708,1.5708,1.5708,1.5708,1.5708,1.5708,1.5708,1.5708,1.5708,1.5708,1.5708,1.5708,1.5708,1.5708,1.5708,1.5708,1.5708,1.5708,1.5708,1.5708,1.5708,1.5708,1.5708,1.5708,1.5708,1.5708,1.5708,1.5708,1.5708,1.5708,1.5708,1.5708,1.5708,1.5708,1.5708,1.5708,1.5708,1.5708,1.5708,1.5708,1.5708,1.5708,1.5708,1.5708,1.5708,1.5708,1.5708,1.5708
