1.464,1.4357,1.3928,1.3354,1.2657,1.1886,1.1101,1.0364,0.97252,0.92103,0.88143,0.85052,0.82337,0.79487,0.76131,0.72161,0.67779,0.63468,0.5989,0.57757,0.57689,0.60117,0.65228,0.7296,0.8304,0.95035,1.0841,1.2259,1.37,1.5106,1.6429,1.7627,1.8667,1.9527,2.0195,2.0668,2.0948,2.1044,2.0968,2.0737,2.0377,1.9921,1.9411,1.8893,1.8416,1.8018,1.7722,1.7531,1.7425,1.7369,1.7318,1.723,1.7075,1.6842,1.6541,1.6198,1.585,1.5535,1.5279,1.5099,1.499,1.4931,1.4883,1.4802
1.5061,1.4756,1.4324,1.377,1.3118,1.2411,1.1701,1.104,1.0469,1.0003,0.96295,0.93132,0.90036,0.8651,0.82223,0.77127,0.71502,0.65919,0.61135,0.57948,0.57044,0.5889,0.63677,0.71317,0.81493,0.93732,1.0747,1.221,1.3704,1.5172,1.6559,1.7816,1.8901,1.978,2.043,2.0841,2.1019,2.0977,2.0745,2.0357,1.9859,1.9298,1.8727,1.8197,1.7751,1.7419,1.7214,1.7126,1.7128,1.7177,1.7224,1.7228,1.7161,1.7011,1.679,1.6524,1.6245,1.5988,1.5777,1.5623,1.552,1.5448,1.5373,1.5257
1.5436,1.5096,1.4645,1.4094,1.3468,1.2806,1.2155,1.1558,1.1045,1.0624,1.0277,0.9962,0.96282,0.92264,0.87262,0.81272,0.74633,0.67989,0.62176,0.58066,0.5641,0.57717,0.62188,0.69723,0.79977,0.92441,1.0652,1.2159,1.3705,1.5227,1.6668,1.7968,1.9075,1.9945,2.0546,2.0868,2.0918,2.0725,2.0334,1.9802,1.919,1.8563,1.7979,1.7485,1.7117,1.6892,1.6806,1.6839,1.6952,1.7099,1.7233,1.7313,1.7315,1.7232,1.7076,1.6872,1.6653,1.6446,1.6272,1.6137,1.6035,1.5943,1.5834,1.5675
1.5699,1.5314,1.4833,1.4269,1.3649,1.3012,1.24,1.185,1.1383,1.1001,1.0679,1.0375,1.0033,0.96053,0.90628,0.84074,0.7677,0.69408,0.62881,0.5812,0.55928,0.56852,0.6111,0.68605,0.78975,0.91692,1.0614,1.2167,1.3765,1.5341,1.683,1.8163,1.9277,2.0117,2.0648,2.0859,2.0767,2.0415,1.9869,1.9205,1.8507,1.7847,1.7286,1.6868,1.6613,1.6522,1.6575,1.6735,1.6958,1.7193,1.7395,1.7528,1.7574,1.7531,1.7414,1.7247,1.7061,1.688,1.6721,1.6588,1.6471,1.635,1.6199,1.5989
1.578,1.5347,1.4827,1.4239,1.3611,1.2982,1.239,1.1868,1.1435,1.1085,1.0791,1.0506,1.0176,0.97506,0.92011,0.85303,0.77775,0.70141,0.63323,0.58286,0.55869,0.56645,0.60858,0.68417,0.78969,0.9198,1.0683,1.2286,1.3938,1.557,1.7106,1.8468,1.9582,2.0385,2.0836,2.0928,2.0688,2.0178,1.9483,1.8704,1.7937,1.7268,1.6756,1.6435,1.6311,1.6366,1.656,1.6845,1.7167,1.7473,1.772,1.788,1.794,1.7905,1.7791,1.7625,1.7435,1.7245,1.7069,1.691,1.6758,1.6592,1.6389,1.6125
1.5626,1.5146,1.4588,1.3972,1.3328,1.2693,1.2107,1.1601,1.119,1.0868,1.0604,1.0352,1.0055,0.96627,0.91451,0.85043,0.77782,0.70377,0.63747,0.58864,0.56575,0.57472,0.61818,0.69546,0.80325,0.93644,1.089,1.2542,1.4252,1.5942,1.7528,1.8922,2.0038,2.0805,2.118,2.1158,2.0777,2.0118,1.9287,1.8404,1.7582,1.6913,1.6457,1.6236,1.624,1.6432,1.6757,1.715,1.755,1.7904,1.8172,1.8332,1.8376,1.8313,1.8165,1.7959,1.7725,1.7486,1.7257,1.7041,1.683,1.6605,1.6344,1.6023
1.5217,1.4699,1.4111,1.3471,1.281,1.2166,1.1579,1.1079,1.0685,1.0388,1.0159,0.99524,0.97098,0.93807,0.89333,0.8367,0.77164,0.70485,0.6452,0.60209,0.58387,0.59646,0.64265,0.72214,0.83204,0.96775,1.1236,1.2933,1.4696,1.6444,1.8085,1.9518,2.0647,2.1392,2.1705,2.1586,2.1084,2.0293,1.9342,1.8366,1.7494,1.6823,1.6411,1.6272,1.6382,1.6685,1.7111,1.7584,1.8036,1.8413,1.8676,1.8808,1.8808,1.8688,1.8473,1.8192,1.7876,1.7551,1.7237,1.6938,1.6649,1.6354,1.6031,1.5658
1.458,1.4042,1.3439,1.2787,1.2116,1.1465,1.0876,1.0381,0.99997,0.97281,0.95395,0.93879,0.92178,0.89774,0.86331,0.81799,0.76471,0.70951,0.66054,0.62663,0.6157,0.63349,0.68296,0.76422,0.87508,1.0117,1.1693,1.3418,1.5225,1.7026,1.8723,2.0204,2.1361,2.2105,2.2383,2.2197,2.1603,2.0709,1.9657,1.8599,1.7675,1.6989,1.6597,1.6507,1.6682,1.7054,1.7541,1.8056,1.8528,1.8898,1.9133,1.9216,1.915,1.8951,1.8644,1.8263,1.784,1.7407,1.6985,1.6587,1.6211,1.5844,1.5465,1.5051
1.3792,1.3256,1.2659,1.2013,1.1347,1.0699,1.0112,0.96235,0.92552,0.90087,0.88616,0.87714,0.86848,0.85502,0.83316,0.80191,0.76345,0.72289,0.6874,0.66489,0.6626,0.68596,0.738,0.81939,0.92886,1.0637,1.2201,1.393,1.5759,1.7602,1.9352,2.0889,2.2092,2.2863,2.3143,2.2929,2.2283,2.1321,2.0195,1.9068,1.8089,1.7368,1.6962,1.6876,1.7065,1.7454,1.7952,1.8467,1.8922,1.9259,1.9444,1.9463,1.9319,1.9029,1.8623,1.8132,1.7595,1.7046,1.6514,1.6016,1.5558,1.5128,1.4708,1.427
1.2965,1.2457,1.1892,1.1276,1.0633,1.0001,0.94256,0.89465,0.85919,0.83688,0.8261,0.82313,0.82299,0.82063,0.81226,0.79632,0.7741,0.74958,0.7287,0.71817,0.72433,0.75212,0.80468,0.8833,0.98781,1.1169,1.2682,1.4378,1.6201,1.8065,1.9861,2.1459,2.2729,2.3559,2.3882,2.3691,2.3043,2.2057,2.089,1.9712,1.8678,1.7902,1.7446,1.7315,1.7463,1.7813,1.8269,1.8739,1.9142,1.942,1.9538,1.9483,1.9258,1.8881,1.8379,1.7788,1.7148,1.6497,1.5869,1.529,1.4768,1.4297,1.3859,1.3424
1.223,1.1779,1.1272,1.0708,1.0108,0.95085,0.89543,0.84899,0.81487,0.79449,0.78692,0.78913,0.79664,0.80463,0.80913,0.80806,0.80171,0.7928,0.7858,0.78607,0.79886,0.82854,0.87829,0.95012,1.0451,1.1637,1.3051,1.4672,1.6451,1.831,2.0138,2.18,2.3156,2.4081,2.4496,2.4382,2.3791,2.2835,2.1669,2.0465,1.9381,1.8536,1.7997,1.7775,1.783,1.8086,1.845,1.8831,1.9148,1.9345,1.9384,1.9253,1.8953,1.8501,1.7924,1.7256,1.654,1.5818,1.5128,1.4499,1.3946,1.3467,1.3042,1.2641
1.1712,1.1344,1.0918,1.0429,0.98904,0.9337,0.8814,0.83686,0.80396,0.7848,0.77927,0.78509,0.79841,0.81475,0.83008,0.84178,0.84918,0.85363,0.85806,0.86633,0.88251,0.91032,0.95299,1.0133,1.0938,1.1966,1.3231,1.4727,1.6423,1.8248,2.0093,2.182,2.3279,2.4334,2.4892,2.4918,2.4448,2.3582,2.2468,2.1272,2.0151,1.9231,1.8587,1.8237,1.8152,1.8267,1.8494,1.8749,1.8953,1.9049,1.9003,1.8798,1.8435,1.7928,1.7304,1.6595,1.5842,1.5091,1.4382,1.3748,1.3207,1.2757,1.2381,1.2045
1.1503,1.1241,1.0916,1.0518,1.0056,0.95604,0.90765,0.86533,0.83338,0.81457,0.80957,0.81693,0.83349,0.85521,0.87811,0.89913,0.91666,0.93071,0.94266,0.95485,0.97014,0.99159,1.0225,1.0664,1.1274,1.2095,1.3161,1.4489,1.6062,1.7823,1.9669,2.146,2.3041,2.4263,2.5015,2.5243,2.4961,2.425,2.3243,2.2095,2.0961,1.997,1.9207,1.8704,1.8446,1.8383,1.8439,1.8537,1.8606,1.859,1.8455,1.8182,1.7772,1.7235,1.6594,1.5882,1.5138,1.4405,1.3726,1.3133,1.2647,1.2267,1.1974,1.1733
1.165,1.1508,1.1298,1.1002,1.0626,1.0197,0.97577,0.93586,0.90458,0.88521,0.87916,0.88576,0.90259,0.92613,0.95256,0.97847,1.0015,1.0203,1.0349,1.0461,1.0557,1.0661,1.0807,1.1038,1.141,1.1982,1.281,1.3932,1.5351,1.7024,1.8857,2.0715,2.2434,2.3855,2.4848,2.5335,2.5305,2.4813,2.3968,2.2913,2.1795,2.0747,1.9864,1.9195,1.8744,1.8478,1.834,1.8262,1.8182,1.8047,1.7823,1.7492,1.705,1.6506,1.588,1.5201,1.4506,1.3836,1.3232,1.2724,1.2333,1.2058,1.1878,1.1758
1.2142,1.213,1.204,1.1852,1.1566,1.1207,1.0817,1.0443,1.0135,0.99286,0.98435,0.98803,1.0022,1.0238,1.0494,1.0754,1.0986,1.1169,1.1288,1.134,1.1331,1.1281,1.1225,1.1214,1.1317,1.1613,1.2178,1.3071,1.4316,1.5886,1.7699,1.9624,2.1495,2.3142,2.4415,2.5209,2.5484,2.5264,2.4631,2.371,2.264,2.1555,2.056,1.9725,1.9074,1.8597,1.8253,1.7991,1.7755,1.75,1.7192,1.6812,1.6353,1.5822,1.5235,1.4619,1.4005,1.3433,1.2938,1.2551,1.2287,1.2144,1.21,1.2116
1.2917,1.3035,1.3066,1.2984,1.279,1.2504,1.2165,1.182,1.1516,1.1293,1.1174,1.1165,1.1254,1.1418,1.1624,1.1836,1.2019,1.2142,1.2182,1.2125,1.1969,1.173,1.1445,1.1173,1.0994,1.1004,1.1298,1.1958,1.3024,1.4487,1.6278,1.8273,2.0305,2.2193,2.3769,2.4901,2.5516,2.5604,2.5221,2.4468,2.3473,2.2372,2.1282,2.029,1.9445,1.8759,1.8211,1.7767,1.738,1.701,1.6625,1.6205,1.5741,1.5237,1.4706,1.4171,1.366,1.3208,1.2846,1.26,1.2483,1.2489,1.2593,1.2752
1.3871,1.4115,1.426,1.4282,1.4178,1.3965,1.3681,1.3369,1.3075,1.2838,1.2682,1.2617,1.2637,1.2721,1.2842,1.2964,1.305,1.3066,1.2979,1.2771,1.2435,1.1984,1.1457,1.092,1.0464,1.0199,1.0237,1.0676,1.1574,1.2939,1.4713,1.678,1.8974,2.1106,2.2988,2.4464,2.5428,2.5839,2.5721,2.5154,2.4255,2.3158,2.1992,2.0861,1.9838,1.8956,1.8219,1.7603,1.7076,1.6602,1.6151,1.5701,1.5241,1.4773,1.4307,1.3861,1.3461,1.3137,1.2917,1.2821,1.2857,1.3016,1.3269,1.3572
1.488,1.5239,1.5491,1.561,1.5592,1.5455,1.5231,1.4961,1.4688,1.4445,1.4258,1.4138,1.408,1.4069,1.4079,1.4079,1.4031,1.3899,1.365,1.326,1.2721,1.2047,1.128,1.0491,0.97812,0.92709,0.90851,0.93338,1.0091,1.1376,1.3143,1.5282,1.763,1.9989,2.2158,2.3956,2.5251,2.597,2.611,2.5728,2.4932,2.3853,2.263,2.1383,2.0206,1.9154,1.8248,1.7482,1.6833,1.627,1.5765,1.5295,1.4848,1.442,1.402,1.3663,1.3372,1.3172,1.3089,1.3138,1.3322,1.3626,1.402,1.4456
1.5818,1.6278,1.6624,1.6833,1.6901,1.6843,1.6689,1.6474,1.6236,1.6005,1.5802,1.5636,1.5505,1.5394,1.5283,1.5141,1.4935,1.4629,1.4192,1.3601,1.285,1.1955,1.0962,0.99497,0.9024,0.83132,0.79503,0.80543,0.87079,0.99397,1.1712,1.3921,1.6403,1.8956,2.1368,2.3441,2.5016,2.6,2.6363,2.6147,2.5447,2.4393,2.313,2.1793,2.0491,1.9298,1.8254,1.7365,1.6617,1.5985,1.5441,1.4962,1.4532,1.4147,1.381,1.3535,1.3342,1.3255,1.3294,1.3471,1.3785,1.4218,1.4734,1.5286
1.6579,1.7121,1.7549,1.7841,1.7993,1.802,1.7946,1.7804,1.7623,1.7427,1.7231,1.7041,1.6852,1.6652,1.6421,1.6134,1.576,1.527,1.4635,1.3838,1.2878,1.1776,1.0585,0.93859,0.82918,0.74343,0.69505,0.69626,0.7557,0.87662,1.0556,1.2826,1.5412,1.8111,2.0702,2.2975,2.4758,2.5938,2.6469,2.6379,2.5755,2.4724,2.3435,2.2032,2.0638,1.934,1.8192,1.721,1.639,1.571,1.5144,1.4666,1.4261,1.3918,1.364,1.3438,1.333,1.3337,1.3475,1.3756,1.4174,1.4707,1.532,1.5961
1.7092,1.7694,1.8187,1.8553,1.8789,1.8907,1.8928,1.8879,1.878,1.8647,1.8488,1.8303,1.8084,1.7818,1.7485,1.7065,1.6532,1.5863,1.5037,1.4044,1.289,1.1606,1.0249,0.89072,0.76957,0.67481,0.62009,0.61748,0.67541,0.79696,0.97864,1.2102,1.4755,1.7539,2.023,2.2615,2.4513,2.5802,2.643,2.6414,2.5834,2.4817,2.3512,2.2067,2.0613,1.9246,1.8028,1.6987,1.6122,1.5417,1.4845,1.4382,1.4007,1.3709,1.3487,1.3349,1.331,1.3389,1.3602,1.3956,1.4444,1.5044,1.5718,1.6418
1.733,1.7964,1.8503,1.8932,1.9249,1.9464,1.9595,1.9659,1.9668,1.963,1.9542,1.9398,1.9185,1.8887,1.8485,1.796,1.7294,1.6468,1.5473,1.4308,1.2989,1.1554,1.007,0.86285,0.73487,0.63627,0.58035,0.57859,0.63873,0.76312,0.94773,1.1819,1.4494,1.7296,2.0003,2.2403,2.4317,2.5624,2.6268,2.6266,2.5694,2.4676,2.336,2.1893,2.0408,1.9006,1.7754,1.6684,1.5801,1.5092,1.4533,1.4097,1.3762,1.3513,1.3345,1.3264,1.3281,1.3413,1.3674,1.4069,1.459,1.5217,1.5912,1.6632
1.7311,1.7946,1.8507,1.8984,1.9377,1.9692,1.9943,2.0138,2.0281,2.0368,2.0387,2.0323,2.0157,1.9869,1.9441,1.8854,1.8095,1.7154,1.6028,1.4728,1.328,1.1733,1.0159,0.86592,0.7352,0.63685,0.58359,0.58599,0.65069,0.77897,0.96581,1.2,1.4648,1.7401,2.0041,2.2363,2.4199,2.5433,2.6017,2.597,2.5368,2.4333,2.3006,2.1533,2.0042,1.8635,1.7378,1.6307,1.5431,1.4739,1.4208,1.3813,1.3528,1.3335,1.3225,1.3198,1.3263,1.3432,1.3717,1.4122,1.464,1.5252,1.5927,1.6626
1.7087,1.769,1.8248,1.8754,1.9212,1.9627,2.0004,2.0344,2.064,2.0878,2.1037,2.1091,2.1015,2.0785,2.038,1.9784,1.8986,1.7981,1.6776,1.5389,1.3857,1.2238,1.0613,0.90873,0.77825,0.68271,0.63414,0.6421,0.71192,0.84352,1.0307,1.2615,1.5189,1.7829,2.0328,2.2492,2.4167,2.5253,2.5711,2.5567,2.4901,2.3829,2.2491,2.1021,1.9543,1.8153,1.6915,1.5867,1.5018,1.4362,1.3877,1.3537,1.3315,1.3189,1.3144,1.3175,1.3284,1.348,1.3771,1.4161,1.4644,1.5204,1.5818,1.6455
1.6739,1.7277,1.7803,1.8318,1.8826,1.9332,1.9835,2.0327,2.0791,2.12,2.1524,2.1729,2.1784,2.1658,2.1329,2.0781,2.0003,1.8995,1.777,1.6351,1.4784,1.3135,1.1493,0.99662,0.86801,0.77608,0.73223,0.74497,0.81835,0.9509,1.1352,1.3585,1.6036,1.8508,2.0805,2.2749,2.4202,2.5081,2.5363,2.5084,2.4325,2.3203,2.1847,2.0387,1.8933,1.7575,1.6375,1.5367,1.4564,1.396,1.3536,1.3266,1.3122,1.3077,1.3109,1.3206,1.3365,1.3586,1.3875,1.4233,1.4657,1.5136,1.5655,1.6195
1.6352,1.6797,1.7265,1.7766,1.8308,1.8894,1.9517,2.016,2.0796,2.1388,2.1896,2.2277,2.2494,2.2513,2.2308,2.1862,2.1164,2.0215,1.903,1.7637,1.6085,1.4446,1.2814,1.1302,1.0038,0.91465,0.87357,0.88823,0.96154,1.0909,1.2678,1.4788,1.7067,1.9324,2.1374,2.3053,2.4245,2.4882,2.4959,2.4519,2.365,2.2465,2.1087,1.9635,1.8211,1.6895,1.5744,1.479,1.4047,1.351,1.3164,1.2982,1.2932,1.2984,1.3109,1.3288,1.3507,1.3762,1.405,1.4372,1.4726,1.5106,1.5507,1.5923
1.6001,1.6335,1.6726,1.7194,1.7752,1.8403,1.9135,1.9924,2.073,2.1508,2.2208,2.278,2.3181,2.3374,2.333,2.303,2.2463,2.1629,2.0539,1.9224,1.7732,1.6138,1.4538,1.305,1.18,1.0914,1.0495,1.0615,1.1294,1.2497,1.4136,1.607,1.813,2.0133,2.1903,2.3294,2.4205,2.4587,2.4446,2.3836,2.2848,2.1593,2.0188,1.8742,1.7348,1.6078,1.4984,1.4095,1.3426,1.2973,1.2721,1.2644,1.2707,1.2875,1.3113,1.3391,1.3688,1.399,1.429,1.4583,1.487,1.5149,1.5424,1.5704
1.5737,1.5953,1.6258,1.6681,1.7243,1.7947,1.8777,1.9701,2.0671,2.163,2.252,2.3285,2.3878,2.4258,2.4397,2.4273,2.3873,2.3193,2.2241,2.1045,1.965,1.8128,1.6576,1.5111,1.3861,1.2948,1.2476,1.2512,1.3073,1.4121,1.5565,1.7268,1.9064,2.0779,2.2249,2.3343,2.3972,2.4101,2.3746,2.2969,2.1862,2.0534,1.9098,1.7655,1.6291,1.5071,1.404,1.3228,1.2647,1.2294,1.2155,1.2202,1.2397,1.27,1.3069,1.3465,1.3859,1.4229,1.4559,1.4842,1.5077,1.5267,1.5426,1.5573
1.5576,1.5685,1.5907,1.6285,1.6846,1.7595,1.8515,1.9564,2.0686,2.1815,2.2886,2.3836,2.4614,2.518,2.5504,2.5564,2.5344,2.4838,2.4049,2.2996,2.1719,2.0287,1.8791,1.7345,1.6075,1.5103,1.453,1.4423,1.48,1.5625,1.6811,1.8227,1.9718,2.112,2.228,2.3078,2.3436,2.3326,2.2773,2.1839,2.062,1.9223,1.7756,1.6315,1.4981,1.3814,1.2857,1.2134,1.1659,1.1426,1.1419,1.1609,1.1954,1.2409,1.2925,1.3456,1.3964,1.4419,1.4801,1.5097,1.5304,1.5431,1.5495,1.5529
1.5499,1.5526,1.5685,1.6031,1.6598,1.7394,1.8398,1.9565,2.0828,2.2114,2.3348,2.4464,2.5408,2.614,2.6632,2.6861,2.6813,2.6477,2.585,2.4944,2.3793,2.2454,2.1014,1.958,1.8273,1.7211,1.6496,1.6195,1.633,1.6872,1.7743,1.8828,1.9981,2.1051,2.1898,2.2409,2.2513,2.2187,2.1455,2.0384,1.9065,1.7606,1.6111,1.4675,1.3376,1.227,1.1398,1.0783,1.0434,1.0342,1.0489,1.084,1.135,1.1968,1.2639,1.3312,1.3944,1.4498,1.4949,1.5281,1.5489,1.5583,1.5587,1.5541
1.5465,1.5448,1.5577,1.5915,1.6505,1.7357,1.8449,1.9729,2.1124,2.2551,2.3927,2.5182,2.6262,2.7127,2.775,2.8114,2.8205,2.8009,2.7522,2.6747,2.571,2.4458,2.3068,2.1638,2.028,1.9109,1.8223,1.7691,1.7542,1.7757,1.8276,1.8996,1.9791,2.0522,2.1061,2.1301,2.1173,2.0655,1.977,1.8581,1.7178,1.5667,1.4153,1.2729,1.1474,1.0442,0.9673,0.91858,0.89844,0.90569,0.93767,0.99038,1.0588,1.1371,1.2197,1.301,1.3763,1.4418,1.4946,1.5329,1.5563,1.5657,1.5638,1.5553
1.5419,1.5403,1.5543,1.5908,1.6547,1.7472,1.8659,2.0051,2.1569,2.3119,2.4614,2.5978,2.7155,2.8108,2.8815,2.9262,2.9439,2.9335,2.8944,2.8266,2.7316,2.6134,2.4783,2.335,2.1938,2.0651,1.9582,1.8804,1.8352,1.8223,1.8371,1.8715,1.9148,1.9546,1.9791,1.9781,1.9448,1.8766,1.7754,1.6469,1.5,1.3452,1.193,1.053,0.93304,0.83888,0.77411,0.74032,0.73724,0.76289,0.81374,0.88495,0.97079,1.0651,1.1618,1.2554,1.3412,1.4155,1.4756,1.5196,1.5472,1.5593,1.5588,1.5508
1.5318,1.5348,1.5541,1.5969,1.6685,1.77,1.899,2.0495,2.2125,2.3782,2.537,2.6809,2.8042,2.9034,2.9767,3.0235,3.0435,3.0361,3.0009,2.9378,2.8479,2.7341,2.6018,2.458,2.3117,2.1722,2.0482,1.9468,1.8722,1.8255,1.8042,1.8023,1.811,1.8197,1.8175,1.7945,1.7438,1.6623,1.5511,1.4155,1.264,1.1071,0.95553,0.8192,0.70628,0.62266,0.57178,0.55474,0.57045,0.61589,0.68641,0.77616,0.87861,0.98714,1.0956,1.1987,1.2921,1.3727,1.4382,1.4872,1.5195,1.5361,1.5401,1.5363
1.514,1.5253,1.5533,1.6055,1.6868,1.7988,1.9385,2.0996,2.2726,2.447,2.6125,2.7605,2.8853,2.9833,3.0535,3.0961,3.1116,3.1005,3.0628,2.999,2.91,2.7981,2.6673,2.5234,2.3736,2.2257,2.0875,1.9657,1.8652,1.7884,1.7347,1.7002,1.6782,1.6597,1.6347,1.5938,1.5295,1.4382,1.3202,1.1802,1.0265,0.86939,0.71997,0.58864,0.48397,0.41205,0.37617,0.37685,0.41207,0.47758,0.56746,0.67469,0.79188,0.91199,1.0289,1.1378,1.2351,1.3186,1.3868,1.439,1.4754,1.4973,1.5075,1.5108
1.4898,1.5114,1.5501,1.6129,1.7049,1.8272,1.977,2.1474,2.3285,2.5091,2.6785,2.8274,2.9498,3.0423,3.1043,3.1368,3.1416,3.1203,3.0742,3.0045,2.9123,2.7998,2.6698,2.5267,2.3758,2.2233,2.0756,1.9388,1.8181,1.7171,1.6368,1.5757,1.5288,1.4888,1.4466,1.3928,1.3198,1.223,1.1021,0.96109,0.80779,0.65263,0.50703,0.38187,0.28619,0.22633,0.20545,0.2235,0.27746,0.36182,0.46932,0.59173,0.72081,0.84916,0.97082,1.0816,1.179,1.2617,1.3296,1.3826,1.4217,1.4484,1.4653,1.477
1.4633,1.4951,1.544,1.6169,1.7183,1.8492,2.0068,2.1838,2.3702,2.5543,2.7246,2.8715,2.9883,3.0717,3.1214,3.1393,3.1283,3.0916,3.0321,2.9521,2.8537,2.7387,2.6095,2.4687,2.32,2.1675,2.016,1.8708,1.7371,1.6193,1.5202,1.44,1.3757,1.3213,1.2686,1.2083,1.1324,1.0355,0.91639,0.77835,0.62882,0.47817,0.33813,0.22007,0.13351,0.085046,0.077787,0.11118,0.18131,0.28151,0.40326,0.53726,0.67452,0.80736,0.93008,1.0392,1.1332,1.2122,1.2769,1.3286,1.3686,1.3986,1.4215,1.4411
1.4407,1.48,1.5364,1.616,1.7232,1.859,2.0204,2.2002,2.3883,2.5725,2.7408,2.883,2.9919,3.0638,3.0986,3.0988,3.0688,3.0133,2.937,2.844,2.7372,2.619,2.4911,2.3549,2.2119,2.0643,1.9152,1.7686,1.6296,1.5033,1.3938,1.3029,1.2295,1.1688,1.1134,1.054,0.98201,0.89134,0.77972,0.64962,0.50792,0.36486,0.23233,0.1221,0.044151,0.0053877,0.0089346,0.053919,0.13577,0.24695,0.37798,0.51877,0.65978,0.79324,0.91372,1.0184,1.1069,1.1801,1.24,1.2885,1.3276,1.3593,1.386,1.4114
1.428,1.4701,1.5287,1.6095,1.7169,1.8518,2.0115,2.1892,2.3745,2.5553,2.7189,2.8544,2.9539,3.0132,3.032,3.0136,2.9632,2.8875,2.7931,2.6859,2.5703,2.4491,2.3238,2.1944,2.0608,1.9228,1.7817,1.6404,1.5034,1.3765,1.2647,1.1717,1.0976,1.0391,0.98912,0.93857,0.87824,0.80097,0.70343,0.58708,0.45807,0.32625,0.20351,0.10185,0.0316,0,0.010334,0.061669,0.14916,0.26483,0.39876,0.54048,0.68031,0.81053,0.92609,1.0247,1.1066,1.1735,1.228,1.2725,1.3093,1.3405,1.3683,1.396
1.4295,1.468,1.5217,1.5966,1.6968,1.8239,1.9756,2.1455,2.3235,2.4973,2.6539,2.7814,2.8711,2.918,2.9216,2.8852,2.8152,2.72,2.6081,2.4873,2.3636,2.2407,2.1196,1.9995,1.8782,1.7537,1.6253,1.4947,1.366,1.2451,1.1384,1.0508,0.98398,0.93559,0.89916,0.86549,0.82465,0.76839,0.69208,0.59593,0.4851,0.36876,0.2585,0.16632,0.10276,0.075365,0.087737,0.1392,0.2251,0.33765,0.46709,0.60318,0.73653,0.85979,0.96828,1.0601,1.1357,1.197,1.2467,1.2873,1.3209,1.3494,1.3749,1.4003
1.4458,1.4735,1.5147,1.5756,1.6609,1.7729,1.9101,2.0667,2.2331,2.397,2.5449,2.6641,2.7446,2.7806,2.7708,2.7189,2.6319,2.5196,2.3924,2.2602,2.1305,2.0078,1.8929,1.7841,1.6774,1.5691,1.4566,1.3404,1.2243,1.1145,1.0185,0.94241,0.88942,0.85807,0.84239,0.83296,0.81907,0.7912,0.74324,0.67391,0.58704,0.4908,0.39609,0.31464,0.25698,0.2309,0.24044,0.28553,0.36222,0.46355,0.58067,0.70423,0.82571,0.9384,1.038,1.1229,1.1931,1.2504,1.2967,1.334,1.3639,1.3879,1.4076,1.4256
1.4737,1.4836,1.5049,1.5443,1.6076,1.6979,1.8148,1.9535,2.1051,2.257,2.3955,2.5067,2.5797,2.6072,2.5874,2.5235,2.4233,2.2977,2.1591,2.0188,1.8859,1.7656,1.6589,1.5628,1.4722,1.3813,1.2862,1.1864,1.0852,0.98958,0.90782,0.84753,0.81306,0.80394,0.81459,0.83535,0.85462,0.86152,0.84828,0.81188,0.75451,0.68296,0.6071,0.53799,0.4859,0.45876,0.46112,0.49378,0.55403,0.63636,0.73356,0.83789,0.9422,1.0408,1.1299,1.2077,1.2737,1.3286,1.3732,1.4082,1.4342,1.4519,1.4625,1.4685
1.506,1.4927,1.4881,1.5002,1.5359,1.5996,1.6923,1.8102,1.9448,2.084,2.2133,2.318,2.3856,2.4079,2.3818,2.3103,2.2015,2.0674,1.9217,1.7773,1.6446,1.5293,1.4323,1.3499,1.2755,1.2021,1.1244,1.0411,0.95554,0.87511,0.80926,0.76684,0.75346,0.76958,0.80998,0.86472,0.92134,0.96753,0.99379,0.99514,0.97191,0.92913,0.87528,0.82037,0.7741,0.74436,0.7362,0.75153,0.78924,0.84588,0.91647,0.99551,1.0778,1.1589,1.2357,1.3061,1.3687,1.4225,1.4666,1.5,1.5219,1.5319,1.5307,1.5207
1.5338,1.4937,1.4598,1.4412,1.4462,1.4809,1.5475,1.6434,1.7609,1.8879,2.0092,2.1093,2.1744,2.1947,2.1664,2.0919,1.9795,1.8418,1.6937,1.5494,1.4201,1.3121,1.2261,1.1576,1.099,1.042,0.98049,0.91263,0.84184,0.77611,0.72597,0.70154,0.7096,0.75152,0.82245,0.91229,1.0077,1.0952,1.1634,1.2053,1.2192,1.2082,1.179,1.1401,1.1004,1.0675,1.0469,1.0416,1.0524,1.0783,1.1171,1.166,1.2221,1.2826,1.3452,1.4072,1.4663,1.5194,1.5636,1.5958,1.6133,1.6147,1.6,1.5715
1.5475,1.4799,1.416,1.3662,1.3405,1.3464,1.3876,1.4626,1.5642,1.6805,1.7958,1.8937,1.9589,1.9806,1.954,1.8808,1.7693,1.6328,1.4867,1.3463,1.2234,1.1246,1.0502,0.99532,0.95139,0.90924,0.86208,0.8078,0.75003,0.69741,0.66143,0.65337,0.68113,0.74694,0.84645,0.9695,1.1022,1.2298,1.3395,1.4223,1.4743,1.4965,1.4934,1.4721,1.44,1.4043,1.3706,1.3432,1.3249,1.3172,1.321,1.3364,1.3632,1.4006,1.4468,1.4991,1.5537,1.6057,1.6497,1.6805,1.6934,1.6857,1.6568,1.6091
1.5396,1.4464,1.3547,1.2764,1.2227,1.2027,1.2214,1.2781,1.3664,1.4744,1.586,1.6839,1.7518,1.7777,1.7559,1.6876,1.581,1.4496,1.3094,1.1761,1.0619,0.97339,0.91085,0.86878,0.83802,0.80884,0.774,0.7313,0.68454,0.64291,0.6187,0.62414,0.66812,0.75374,0.87725,1.0287,1.194,1.3575,1.5051,1.6262,1.7149,1.7698,1.7933,1.7903,1.7669,1.7294,1.6835,1.6345,1.5869,1.545,1.5126,1.4932,1.4891,1.5014,1.5295,1.5703,1.6188,1.6684,1.7113,1.74,1.7481,1.7316,1.6893,1.6235
1.5056,1.3912,1.2767,1.1749,1.0984,1.0574,1.058,1.1004,1.1788,1.2811,1.3913,1.491,1.5635,1.5957,1.581,1.5204,1.4218,1.2986,1.167,1.043,0.93884,0.86113,0.80995,0.77948,0.76026,0.7422,0.71788,0.685,0.64747,0.61473,0.59957,0.6149,0.6704,0.77003,0.91082,1.0834,1.2738,1.4661,1.6455,1.7998,1.9213,2.0064,2.0552,2.0706,2.0568,2.0191,1.9629,1.8942,1.8192,1.7447,1.6774,1.6236,1.5884,1.575,1.5835,1.6111,1.6518,1.6972,1.7376,1.7636,1.7671,1.7428,1.6891,1.608
1.4455,1.3161,1.1853,1.0669,0.97425,0.91844,0.9063,0.93887,1.0107,1.1099,1.2203,1.3233,1.4013,1.4409,1.435,1.3838,1.2951,1.1821,1.061,0.94746,0.85376,0.78646,0.74553,0.72511,0.71568,0.70712,0.69192,0.66763,0.63803,0.61247,0.60378,0.62517,0.68689,0.79373,0.94371,1.1284,1.3346,1.5466,1.7493,1.9295,2.078,2.1891,2.2608,2.2935,2.2898,2.2535,2.1896,2.1046,2.0059,1.9024,1.8033,1.7176,1.653,1.6143,1.6029,1.616,1.6472,1.6867,1.7233,1.746,1.7454,1.7151,1.653,1.5611
1.3636,1.2262,1.0867,0.95923,0.8575,0.79317,0.77362,0.80043,0.86853,0.96651,1.0781,1.1847,1.2686,1.316,1.3193,1.2785,1.2009,1.0993,0.98933,0.8865,0.80283,0.74479,0.71247,0.70024,0.69884,0.69837,0.69129,0.67494,0.6526,0.63307,0.62873,0.65262,0.7153,0.82236,0.97299,1.1601,1.3718,1.5934,1.8097,2.0073,2.1756,2.3073,2.3982,2.4465,2.4528,2.4195,2.351,2.2538,2.1363,2.0088,1.8829,1.7696,1.6786,1.6166,1.5859,1.5843,1.6048,1.6371,1.6689,1.6881,1.6842,1.6504,1.5837,1.486
1.268,1.1298,0.98886,0.85932,0.75501,0.68769,0.66507,0.68916,0.75539,0.85281,0.96556,1.0754,1.1646,1.2194,1.2319,1.2018,1.1357,1.0458,0.9471,0.85452,0.77977,0.72933,0.7036,0.69751,0.70241,0.70879,0.70921,0.70059,0.6854,0.67137,0.66988,0.69336,0.75238,0.85325,0.99652,1.1769,1.3841,1.6049,1.8251,2.0312,2.2117,2.3579,2.4636,2.525,2.5408,2.512,2.442,2.3371,2.2064,2.0613,1.9147,1.7793,1.6666,1.5845,1.5364,1.5206,1.5301,1.5546,1.5811,1.5969,1.5912,1.5563,1.489,1.391
1.1695,1.0365,0.90031,0.7745,0.67258,0.60621,0.58325,0.6061,0.67078,0.76707,0.87985,0.99146,1.0847,1.146,1.1673,1.1477,1.0931,1.0149,0.92718,0.84403,0.77682,0.73214,0.71093,0.70897,0.71851,0.73071,0.73823,0.73745,0.72967,0.72112,0.7217,0.74277,0.79461,0.88415,1.0134,1.1791,1.3733,1.5844,1.7996,2.0057,2.191,2.3455,2.4614,2.5331,2.5574,2.534,2.4655,2.3576,2.2197,2.0637,1.9032,1.7524,1.6236,1.5258,1.4632,1.4346,1.4339,1.4504,1.4717,1.4847,1.4784,1.445,1.381,1.2874
1.0797,0.95645,0.82933,0.71103,0.61445,0.55091,0.52834,0.54958,0.61144,0.7047,0.8153,0.92656,1.022,1.0884,1.1175,1.108,1.0649,0.99827,0.92108,0.84658,0.78571,0.74519,0.72672,0.7272,0.74004,0.75723,0.77162,0.77892,0.77907,0.7764,0.77894,0.79661,0.83916,0.91402,1.0247,1.1701,1.3445,1.5389,1.7419,1.9411,2.1247,2.2818,2.4034,2.4823,2.5139,2.4965,2.4319,2.3254,2.1859,2.0256,1.8586,1.6992,1.5605,1.4519,1.3785,1.3397,1.3299,1.3392,1.3556,1.3665,1.361,1.3313,1.2735,1.1881
1.0091,0.89828,0.78252,0.67338,0.58288,0.52194,0.49853,0.51609,0.57241,0.65956,0.76488,0.87296,0.96829,1.038,1.0739,1.0739,1.042,0.98677,0.91995,0.8537,0.79846,0.76117,0.74438,0.74625,0.76155,0.78325,0.80444,0.82018,0.82885,0.83275,0.83774,0.85209,0.88479,0.94358,1.0334,1.1553,1.3062,1.4794,1.665,1.8521,2.0287,2.1836,2.3068,2.3898,2.4271,2.4158,2.357,2.2554,2.1196,1.9613,1.7943,1.6331,1.4906,1.3766,1.2964,1.2501,1.233,1.236,1.2481,1.2576,1.2539,1.2294,1.18,1.1053
0.96538,0.86785,0.76384,0.66355,0.57802,0.5177,0.49071,0.5012,0.54823,0.62543,0.7218,0.82342,0.91592,0.98693,1.0282,1.037,1.0159,0.97205,0.91569,0.8578,0.80826,0.77416,0.75892,0.76204,0.7797,0.80591,0.83409,0.85868,0.87655,0.88789,0.89636,0.90844,0.93218,0.97551,1.0446,1.1426,1.2687,1.4185,1.5842,1.7557,1.9217,2.0705,2.1916,2.2759,2.3169,2.3113,2.2594,2.1654,2.0373,1.8862,1.7252,1.5682,1.4276,1.3129,1.2298,1.1788,1.1561,1.154,1.1624,1.1708,1.1694,1.1509,1.1109,1.0482
0.95193,0.8672,0.77392,0.68082,0.59792,0.53521,0.50107,0.50056,0.53418,0.59737,0.68098,0.77276,0.85956,0.92964,0.97468,0.99108,0.98018,0.94764,0.90202,0.85308,0.81004,0.78005,0.76729,0.7725,0.79322,0.82452,0.8602,0.89418,0.92197,0.94179,0.95517,0.96683,0.98379,1.014,1.0646,1.1405,1.2431,1.3699,1.515,1.6693,1.822,1.9618,2.0777,2.1605,2.2032,2.2022,2.1574,2.0726,1.955,1.8151,1.6647,1.5167,1.3826,1.2714,1.1885,1.1352,1.1085,1.102,1.107,1.1144,1.1154,1.1028,1.0722,1.0216
0.96766,0.89434,0.80998,0.72179,0.63877,0.57052,0.52577,0.51061,0.52713,0.57269,0.64012,0.71894,0.79726,0.864,0.9108,0.93333,0.93172,0.91008,0.87544,0.83627,0.80104,0.77681,0.7683,0.77731,0.80254,0.84006,0.88406,0.92812,0.96659,0.99603,1.0161,1.0297,1.0431,1.0638,1.0998,1.1573,1.2393,1.3453,1.4707,1.6075,1.7457,1.8742,1.9822,2.0605,2.1024,2.1043,2.0661,1.991,1.8857,1.7593,1.6227,1.4871,1.3628,1.2579,1.1777,1.1237,1.0939,1.0832,1.0849,1.0909,1.0937,1.0865,1.0646,1.0251
1.0073,0.94367,0.8663,0.78089,0.69544,0.61923,0.56135,0.52901,0.52592,0.55135,0.60013,0.66351,0.73091,0.79193,0.83825,0.86498,0.87116,0.85954,0.83573,0.807,0.78097,0.76445,0.76244,0.77746,0.80915,0.85438,0.90776,0.96265,1.0126,1.0528,1.0813,1.0998,1.1133,1.1291,1.1554,1.1992,1.265,1.3534,1.461,1.5809,1.7037,1.819,1.9165,1.9876,2.026,2.0287,1.9955,1.9297,1.837,1.7255,1.6043,1.483,1.3704,1.2736,1.1972,1.1432,1.1106,1.0958,1.0935,1.0974,1.1011,1.0983,1.0839,1.0542
1.0629,1.0073,0.93537,0.85131,0.76218,0.67693,0.60504,0.55473,0.53124,0.53566,0.56467,0.61117,0.66583,0.71899,0.76247,0.79102,0.80287,0.79969,0.78592,0.76771,0.75186,0.74476,0.75141,0.77469,0.81485,0.86935,0.93316,0.99961,1.0617,1.1138,1.1527,1.1788,1.1962,1.2118,1.2336,1.2691,1.3233,1.3977,1.4899,1.5938,1.7007,1.801,1.8856,1.9466,1.9787,1.9796,1.9497,1.8919,1.8113,1.7146,1.6092,1.5029,1.4026,1.3144,1.2423,1.1884,1.1527,1.1332,1.1263,1.1272,1.1305,1.1307,1.1223,1.1008
1.1257,1.0768,1.0094,0.9262,0.83347,0.73977,0.65487,0.58782,0.54514,0.52952,0.53923,0.56865,0.60959,0.65315,0.69146,0.71914,0.73396,0.73688,0.73145,0.72297,0.71745,0.72073,0.73756,0.77085,0.8211,0.88613,0.96119,1.0397,1.1145,1.1792,1.23,1.2664,1.2914,1.3113,1.3336,1.3657,1.4127,1.4767,1.5556,1.6441,1.7345,1.8184,1.8875,1.9356,1.9587,1.9553,1.9264,1.875,1.8053,1.7226,1.6326,1.541,1.4529,1.373,1.3048,1.2508,1.2116,1.1869,1.1746,1.1715,1.1733,1.175,1.1711,1.1562
1.1881,1.145,1.0816,0.99983,0.90483,0.80483,0.70968,0.62898,0.57022,0.53727,0.52968,0.54305,0.57022,0.60301,0.63402,0.65802,0.67268,0.67865,0.67897,0.67835,0.68219,0.69571,0.72321,0.76734,0.82854,0.90473,0.99137,1.082,1.1696,1.2475,1.3113,1.3599,1.3955,1.4234,1.4504,1.4833,1.5268,1.583,1.6502,1.7238,1.797,1.8627,1.9143,1.9471,1.9586,1.9487,1.9189,1.8722,1.812,1.7423,1.6666,1.5888,1.5122,1.4401,1.3756,1.321,1.2782,1.248,1.2299,1.2221,1.2215,1.2235,1.2225,1.2126
1.2451,1.207,1.1478,1.0685,0.97341,0.87034,0.76895,0.67906,0.60868,0.56244,0.54077,0.54019,0.55436,0.57582,0.59775,0.61533,0.6265,0.63196,0.6347,0.63911,0.65017,0.67256,0.71001,0.76469,0.83671,0.9239,1.0218,1.1242,1.2241,1.3151,1.3925,1.4546,1.5029,1.5414,1.5761,1.6126,1.6551,1.7052,1.7615,1.82,1.8752,1.9213,1.9537,1.9694,1.9678,1.9497,1.9176,1.8743,1.8225,1.7645,1.7022,1.6372,1.5713,1.5066,1.4455,1.3907,1.3446,1.3093,1.2857,1.2732,1.2695,1.2707,1.2713,1.2649
1.2951,1.2611,1.2063,1.1307,1.0381,0.93559,0.83249,0.73847,0.66159,0.60677,0.57492,0.56311,0.56568,0.5758,0.58733,0.59604,0.60044,0.60169,0.60304,0.60895,0.62418,0.65301,0.69856,0.76241,0.84415,0.94134,1.0495,1.1626,1.2741,1.3776,1.4684,1.5445,1.6063,1.6568,1.7006,1.7421,1.7845,1.8291,1.8745,1.9175,1.9539,1.9796,1.992,1.9899,1.9745,1.9478,1.9129,1.8724,1.8281,1.781,1.7311,1.6782,1.6226,1.5652,1.508,1.4538,1.4056,1.3665,1.3383,1.3216,1.3149,1.3147,1.3157,1.3114
1.3392,1.3086,1.258,1.1871,1.0991,1.0005,0.90001,0.80667,0.72825,0.6695,0.63141,0.61132,0.60399,0.60319,0.60345,0.60132,0.59606,0.58958,0.58573,0.58932,0.60518,0.63731,0.68833,0.75915,0.84878,0.95436,1.0713,1.1938,1.3155,1.4305,1.5339,1.6234,1.6985,1.7609,1.8137,1.86,1.902,1.9405,1.9743,2.0012,2.0184,2.0237,2.0163,1.9972,1.9688,1.9344,1.8973,1.8598,1.8229,1.7862,1.748,1.7067,1.6612,1.6115,1.5593,1.5072,1.4589,1.418,1.3872,1.3676,1.3584,1.3565,1.357,1.3534
1.3804,1.352,1.3051,1.2393,1.1574,1.0652,0.9705,0.88173,0.80587,0.74714,0.70626,0.68058,0.6651,0.65409,0.64272,0.62838,0.61123,0.59411,0.58168,0.57939,0.59235,0.62448,0.67802,0.75325,0.84857,0.96063,1.0847,1.215,1.3455,1.4704,1.5852,1.6867,1.7738,1.8467,1.907,1.9565,1.9965,2.0274,2.0486,2.0589,2.0571,2.0429,2.0176,1.9836,1.9446,1.9047,1.8671,1.8338,1.8048,1.7783,1.7515,1.7214,1.6861,1.6448,1.5988,1.5509,1.5049,1.4648,1.4336,1.4129,1.4021,1.3986,1.3979,1.3939
1.4216,1.394,1.3498,1.2887,1.2133,1.1286,1.0418,0.96006,0.88953,0.83364,0.79258,0.76349,0.74147,0.72116,0.69832,0.67116,0.64079,0.61104,0.58756,0.57657,0.58367,0.6129,0.66623,0.74345,0.84233,0.95905,1.0886,1.2252,1.3631,1.4966,1.6209,1.7327,1.8295,1.9105,1.9757,2.0257,2.0612,2.0825,2.0898,2.0833,2.0635,2.0321,1.9918,1.9465,1.9008,1.8588,1.8236,1.7963,1.7759,1.7598,1.7441,1.725,1.6997,1.6674,1.6289,1.5872,1.546,1.5092,1.48,1.4599,1.4486,1.4438,1.4413,1.4358
