1.5708,1.5708,1.5708,1.5708,1.5708,1.5708,1.5708,1.5708,1.5708,1.5708,1.5708,1.5708,1.5708,1.5708,1.5708,1.5708,1.5708,1.5708,1.5708,1.5708,1.5708,1.5708,1.5708,1.5708,1.5708,1.5708,1.5708,1.5708,1.5708,1.5708,1.5708,1.5708,1.5708,1.5708,1.5708,1.5708,1.5708,1.5708,1.5708,1.5708,1.5708,1.5708,1.5708,1.5708,1.5708,1.5708,1.5708,1.5708,1.5708,1.5708,1.5708,1.5708,1.5708,1.5708,1.5708,1.5708,1.5708,1.5708,1.5708,1.5708,1.5708,1.5708,1.5708,1.5708
1.5708,1.5708,1.5708,1.5708,1.5708,1.5708,1.5708,1.5708,1.5708,1.5708,1.5708,1.5708,1.5708,1.5708,1.5708,1.5708,1.5708,1.5708,1.5708,1.5708,1.5708,1.5708,1.5708,1.5708,1.5708,1.5708,1.5708,1.5708,1.5708,1.5708,1.5708,1.5708,1.5708,1.5708,1.5708,1.5708,1.5708,1.5708,1.5708,1.5708,1.5708,1.5708,1.5708,1.5708,1.5708,1.5708,1.5708,1.5708,1.5708,1.5708,1.5708,1.5708,1.5708,1.5708,1.5708,1.5708,1.5708,1.5708,1.5708,1.5708,1.5708,1.5708,1.5708,1.5708
1.5708,1.5708,1.5708,1.5708,1.5708,1.5708,1.5708,1.5708,1.5708,1.5708,1.5708,1.5708,1.5708,1.5708,1.5708,1.5708,1.5708,1.5708,1.5708,1.5708,1.5708,1.5708,1.5708,1.5708,1.5708,1.5708,1.5708,1.5708,1.5708,1.5708,1.5708,1.5708,1.5708,1.5708,1.5708,1.5708,1.5708,1.5708,1.5708,1.5708,1.5708,1.5708,1.5708,1.5708,1.5708,1.5708,1.5708,1.5708,1.5708,1.5708,1.5708,1.5708,1.5708,1.5708,1.5708,1.5708,1.5708,1.5708,1.5708,1.5708,1.5708,1.5708,1.5708,1.5708
1.5708,1.5708,1.5708,1.5708,1.5708,1.5708,1.5708,1.5708,1.5708,1.5708,1.5708,1.5708,1.5708,1.5708,1.5708,1.5708,1.5708,1.5708,1.5708,1.5708,1.5708,1.5708,1.5708,1.5708,1.5708,1.5708,1.5708,1.5708,1.5708,1.5708,1.5708,1.5708,1.5708,1.5708,1.5708,1.5708,1.5708,1.5708,1.5708,1.5708,1.5708,1.5708,1.5708,1.5708,1.5708,1.5708,1.5708,1.5708,1.5708,1.5708,1.5708,1.5708,1.5708,1.5708,1.5708,1.5708,1.5708,1.5708,1.5708,1.5708,1.5708,1.5708,1.5708,1.5708
1.5708,1.5708,1.5708,1.5708,1.5708,1.5708,1.5708,1.5708,1.5708,1.5708,1.5708,1.5708,1.5708,1.5708,1.5708,1.5708,1.5708,1.5708,1.5708,1.5708,1.5708,1.5708,1.5708,1.5708,1.5708,1.5708,1.5708,1.5708,1.5708,1.5708,1.5708,1.5708,1.5708,1.5708,1.5708,1.5708,1.5708,1.5708,1.5708,1.5708,1.5708,1.5708,1.5708,1.5708,1.5708,1.5708,1.5708,1.5708,1.5708,1.5708,1.5708,1.5708,1.5708,1.5708,1.5708,1.5708,1.5708,1.5708,1.5708,1.5708,1.5708,1.5708,1.5708,1.5708
1.5708,1.5708,1.5708,1.5708,1.5708,1.5708,1.5708,1.5708,1.5708,1.5708,1.5708,1.5708,1.5708,1.5708,1.5708,1.5708,1.5708,1.5708,1.5708,1.5708,1.5708,1.5708,1.5708,1.5708,1.5708,1.5708,1.5708,1.5708,1.5708,1.5708,1.5708,1.5708,1.5708,1.5708,1.5708,1.5708,1.5708,1.5708,1.5708,1.5708,1.5708,1.5708,1.5708,1.5708,1.5708,1.5708,1.5708,1.5708,1.5708,1.5708,1.5708,1.5708,1.5708,1.5708,1.5708,1.5708,1.5708,1.5708,1.5708,1.5708,1.5708,1.5708,1.5708,1.5708
1.5708,1.5708,1.5708,1.5708,1.5708,1.5708,1.5708,1.5708,1.5708,1.5708,1.5708,1.5708,1.5708,1.5708,1.5708,1.5708,1.5708,1.5708,1.5708,1.5708,1.5708,1.5708,1.5708,1.5708,1.5708,1.5708,1.5708,1.5708,1.5708,1.5708,1.5708,1.5708,1.5708,1.5708,1.5708,1.5708,1.5708,1.5708,1.5708,1.5708,1.5708,1.5708,1.5708,1.5708,1.5708,1.5708,1.5708,1.5708,1.5708,1.5708,1.5708,1.5708,1.5708,1.5708,1.5708,1.5708,1.5708,1.5708,1.5708,1.5708,1.5708,1.5708,1.5708,1.5708
1.5708,1.5708,1.5708,1.5708,1.5708,1.5708,1.5708,1.5708,1.5708,1.5708,1.5708,1.5708,1.5708,1.5708,1.5708,1.5708,1.5708,1.5708,1.5708,1.5708,1.5708,1.5708,1.5708,1.5708,1.5708,1.5708,1.5708,1.5708,1.5708,1.5708,1.5708,1.5708,1.5708,1.5708,1.5708,1.5708,1.5708,1.5708,1.5708,1.5708,1.5708,1.5708,1.5708,1.5708,1.5708,1.5708,1.5708,1.5708,1.5708,1.5708,1.5708,1.5708,1.5708,1.5708,1.5708,1.5708,1.5708,1.5708,1.5708,1.5708,1.5708,1.5708,1.5708,1.5708
1.4867,1.49,1.5,1.5167,1.5405,1.5708,1.5708,1.5708,1.5708,1.5708,1.5708,1.5708,1.5708,1.5708,1.5708,1.5708,1.5708,1.5708,1.5708,1.5708,1.5708,1.5708,1.5708,1.5708,1.5708,1.5708,1.5708,1.5708,1.5708,1.5708,1.5708,1.5708,1.5708,1.5708,1.5708,1.5708,1.5708,1.5708,1.5708,1.5708,1.5708,1.5708,1.5708,1.5708,1.5708,1.5708,1.5708,1.5708,1.5708,1.5708,1.5708,1.5708,1.5708,1.5708,1.5708,1.5708,1.5708,1.5708,1.5708,1.5405,1.5167,1.5,1.49,1.4867
1.0636,1.0663,1.0742,1.0875,1.1063,1.1307,1.1609,1.1972,1.24,1.2897,1.3468,1.4121,1.4867,1.5708,1.5708,1.5708,1.5708,1.5708,1.5708,1.5708,1.5708,1.5708,1.5708,1.5708,1.5708,1.5708,1.5708,1.5708,1.5708,1.5708,1.5708,1.5708,1.5708,1.5708,1.5708,1.5708,1.5708,1.5708,1.5708,1.5708,1.5708,1.5708,1.5708,1.5708,1.5708,1.5708,1.5708,1.5708,1.5708,1.5708,1.5708,1.4867,1.4121,1.3468,1.2897,1.24,1.1972,1.1609,1.1307,1.1063,1.0875,1.0742,1.0663,1.0636
0.75419,0.75649,0.76339,0.77495,0.79122,0.81231,0.83835,0.86951,0.906,0.94809,0.99612,1.0505,1.1117,1.1804,1.2574,1.3437,1.4409,1.5509,1.5708,1.5708,1.5708,1.5708,1.5708,1.5708,1.5708,1.5708,1.5708,1.5708,1.5708,1.5708,1.5708,1.5708,1.5708,1.5708,1.5708,1.5708,1.5708,1.5708,1.5708,1.5708,1.5708,1.5708,1.5708,1.5708,1.5708,1.5708,1.5509,1.4409,1.3437,1.2574,1.1804,1.1117,1.0505,0.99612,0.94809,0.906,0.86951,0.83835,0.81231,0.79122,0.77495,0.76339,0.75649,0.75419
0.51785,0.51994,0.52622,0.53672,0.5515,0.57062,0.59419,0.62233,0.65519,0.69296,0.73589,0.78423,0.83835,0.89866,0.96566,1.04,1.1225,1.2142,1.3165,1.4313,1.5612,1.5708,1.5708,1.5708,1.5708,1.5708,1.5708,1.5708,1.5708,1.5708,1.5708,1.5708,1.5708,1.5708,1.5708,1.5708,1.5708,1.5708,1.5708,1.5708,1.5708,1.5708,1.5708,1.5612,1.4313,1.3165,1.2142,1.1225,1.04,0.96566,0.89866,0.83835,0.78423,0.73589,0.69296,0.65519,0.62233,0.59419,0.57062,0.5515,0.53672,0.52622,0.51994,0.51785
0.33606,0.33802,0.34389,0.35371,0.36751,0.38535,0.40732,0.43352,0.46406,0.4991,0.53883,0.58345,0.63323,0.68849,0.7496,0.81703,0.89134,0.97324,1.0636,1.1637,1.2749,1.3995,1.5405,1.5708,1.5708,1.5708,1.5708,1.5708,1.5708,1.5708,1.5708,1.5708,1.5708,1.5708,1.5708,1.5708,1.5708,1.5708,1.5708,1.5708,1.5708,1.5405,1.3995,1.2749,1.1637,1.0636,0.97324,0.89134,0.81703,0.7496,0.68849,0.63323,0.58345,0.53883,0.4991,0.46406,0.43352,0.40732,0.38535,0.36751,0.35371,0.34389,0.33802,0.33606
0.19871,0.20057,0.20617,0.21552,0.22867,0.24566,0.26656,0.29146,0.32047,0.35371,0.39133,0.43352,0.48049,0.53252,0.58989,0.65298,0.72225,0.79823,0.88161,0.97324,1.0742,1.186,1.3105,1.4506,1.5708,1.5708,1.5708,1.5708,1.5708,1.5708,1.5708,1.5708,1.5708,1.5708,1.5708,1.5708,1.5708,1.5708,1.5708,1.5708,1.4506,1.3105,1.186,1.0742,0.97324,0.88161,0.79823,0.72225,0.65298,0.58989,0.53252,0.48049,0.43352,0.39133,0.35371,0.32047,0.29146,0.26656,0.24566,0.22867,0.21552,0.20617,0.20057,0.19871
0.099759,0.10156,0.10698,0.11603,0.12874,0.14516,0.16536,0.18941,0.2174,0.24945,0.2857,0.32631,0.37146,0.4214,0.47638,0.53672,0.60281,0.67511,0.75419,0.84073,0.93563,1.04,1.1554,1.2837,1.4281,1.5708,1.5708,1.5708,1.5708,1.5708,1.5708,1.5708,1.5708,1.5708,1.5708,1.5708,1.5708,1.5708,1.5708,1.4281,1.2837,1.1554,1.04,0.93563,0.84073,0.75419,0.67511,0.60281,0.53672,0.47638,0.4214,0.37146,0.32631,0.2857,0.24945,0.2174,0.18941,0.16536,0.14516,0.12874,0.11603,0.10698,0.10156,0.099759
0.035544,0.03731,0.042613,0.051473,0.063918,0.079995,0.099759,0.12328,0.15066,0.18199,0.2174,0.25704,0.3011,0.34977,0.40332,0.46201,0.52622,0.59634,0.67289,0.75649,0.8479,0.94809,1.0584,1.1804,1.3165,1.4702,1.5708,1.5708,1.5708,1.5708,1.5708,1.5708,1.5708,1.5708,1.5708,1.5708,1.5708,1.5708,1.4702,1.3165,1.1804,1.0584,0.94809,0.8479,0.75649,0.67289,0.59634,0.52622,0.46201,0.40332,0.34977,0.3011,0.25704,0.2174,0.18199,0.15066,0.12328,0.099759,0.079995,0.063918,0.051473,0.042613,0.03731,0.035544
0.0039294,0.0056775,0.010927,0.019697,0.032015,0.047926,0.067484,0.090759,0.11784,0.14882,0.18384,0.22303,0.26656,0.31464,0.36751,0.42543,0.48875,0.55786,0.63323,0.71546,0.80526,0.90355,1.0115,1.1307,1.2632,1.4121,1.5708,1.5708,1.5708,1.5708,1.5708,1.5708,1.5708,1.5708,1.5708,1.5708,1.5708,1.5708,1.4121,1.2632,1.1307,1.0115,0.90355,0.80526,0.71546,0.63323,0.55786,0.48875,0.42543,0.36751,0.31464,0.26656,0.22303,0.18384,0.14882,0.11784,0.090759,0.067484,0.047926,0.032015,0.019697,0.010927,0.0056775,0.0039294
0.0039294,0.0056775,0.010927,0.019697,0.032015,0.047926,0.067484,0.090759,0.11784,0.14882,0.18384,0.22303,0.26656,0.31464,0.36751,0.42543,0.48875,0.55786,0.63323,0.71546,0.80526,0.90355,1.0115,1.1307,1.2632,1.4121,1.5708,1.5708,1.5708,1.5708,1.5708,1.5708,1.5708,1.5708,1.5708,1.5708,1.5708,1.5708,1.4121,1.2632,1.1307,1.0115,0.90355,0.80526,0.71546,0.63323,0.55786,0.48875,0.42543,0.36751,0.31464,0.26656,0.22303,0.18384,0.14882,0.11784,0.090759,0.067484,0.047926,0.032015,0.019697,0.010927,0.0056775,0.0039294
0.035544,0.03731,0.042613,0.051473,0.063918,0.079995,0.099759,0.12328,0.15066,0.18199,0.2174,0.25704,0.3011,0.34977,0.40332,0.46201,0.52622,0.59634,0.67289,0.75649,0.8479,0.94809,1.0584,1.1804,1.3165,1.4702,1.5708,1.5708,1.5708,1.5708,1.5708,1.5708,1.5708,1.5708,1.5708,1.5708,1.5708,1.5708,1.4702,1.3165,1.1804,1.0584,0.94809,0.8479,0.75649,0.67289,0.59634,0.52622,0.46201,0.40332,0.34977,0.3011,0.25704,0.2174,0.18199,0.15066,0.12328,0.099759,0.079995,0.063918,0.051473,0.042613,0.03731,0.035544
0.099759,0.10156,0.10698,0.11603,0.12874,0.14516,0.16536,0.18941,0.2174,0.24945,0.2857,0.32631,0.37146,0.4214,0.47638,0.53672,0.60281,0.67511,0.75419,0.84073,0.93563,1.04,1.1554,1.2837,1.4281,1.5708,1.5708,1.5708,1.5708,1.5708,1.5708,1.5708,1.5708,1.5708,1.5708,1.5708,1.5708,1.5708,1.5708,1.4281,1.2837,1.1554,1.04,0.93563,0.84073,0.75419,0.67511,0.60281,0.53672,0.47638,0.4214,0.37146,0.32631,0.2857,0.24945,0.2174,0.18941,0.16536,0.14516,0.12874,0.11603,0.10698,0.10156,0.099759
0.19871,0.20057,0.20617,0.21552,0.22867,0.24566,0.26656,0.29146,0.32047,0.35371,0.39133,0.43352,0.48049,0.53252,0.58989,0.65298,0.72225,0.79823,0.88161,0.97324,1.0742,1.186,1.3105,1.4506,1.5708,1.5708,1.5708,1.5708,1.5708,1.5708,1.5708,1.5708,1.5708,1.5708,1.5708,1.5708,1.5708,1.5708,1.5708,1.5708,1.4506,1.3105,1.186,1.0742,0.97324,0.88161,0.79823,0.72225,0.65298,0.58989,0.53252,0.48049,0.43352,0.39133,0.35371,0.32047,0.29146,0.26656,0.24566,0.22867,0.21552,0.20617,0.20057,0.19871
0.33606,0.33802,0.34389,0.35371,0.36751,0.38535,0.40732,0.43352,0.46406,0.4991,0.53883,0.58345,0.63323,0.68849,0.7496,0.81703,0.89134,0.97324,1.0636,1.1637,1.2749,1.3995,1.5405,1.5708,1.5708,1.5708,1.5708,1.5708,1.5708,1.5708,1.5708,1.5708,1.5708,1.5708,1.5708,1.5708,1.5708,1.5708,1.5708,1.5708,1.5708,1.5405,1.3995,1.2749,1.1637,1.0636,0.97324,0.89134,0.81703,0.7496,0.68849,0.63323,0.58345,0.53883,0.4991,0.46406,0.43352,0.40732,0.38535,0.36751,0.35371,0.34389,0.33802,0.33606
0.51785,0.51994,0.52622,0.53672,0.5515,0.57062,0.59419,0.62233,0.65519,0.69296,0.73589,0.78423,0.83835,0.89866,0.96566,1.04,1.1225,1.2142,1.3165,1.4313,1.5612,1.5708,1.5708,1.5708,1.5708,1.5708,1.5708,1.5708,1.5708,1.5708,1.5708,1.5708,1.5708,1.5708,1.5708,1.5708,1.5708,1.5708,1.5708,1.5708,1.5708,1.5708,1.5708,1.5612,1.4313,1.3165,1.2142,1.1225,1.04,0.96566,0.89866,0.83835,0.78423,0.73589,0.69296,0.65519,0.62233,0.59419,0.57062,0.5515,0.53672,0.52622,0.51994,0.51785
0.75419,0.75649,0.76339,0.77495,0.79122,0.81231,0.83835,0.86951,0.906,0.94809,0.99612,1.0505,1.1117,1.1804,1.2574,1.3437,1.4409,1.5509,1.5708,1.5708,1.5708,1.5708,1.5708,1.5708,1.5708,1.5708,1.5708,1.5708,1.5708,1.5708,1.5708,1.5708,1.5708,1.5708,1.5708,1.5708,1.5708,1.5708,1.5708,1.5708,1.5708,1.5708,1.5708,1.5708,1.5708,1.5708,1.5509,1.4409,1.3437,1.2574,1.1804,1.1117,1.0505,0.99612,0.94809,0.906,0.86951,0.83835,0.81231,0.79122,0.77495,0.76339,0.75649,0.75419
1.0636,1.0663,1.0742,1.0875,1.1063,1.1307,1.1609,1.1972,1.24,1.2897,1.3468,1.4121,1.4867,1.5708,1.5708,1.5708,1.5708,1.5708,1.5708,1.5708,1.5708,1.5708,1.5708,1.5708,1.5708,1.5708,1.5708,1.5708,1.5708,1.5708,1.5708,1.5708,1.5708,1.5708,1.5708,1.5708,1.5708,1.5708,1.5708,1.5708,1.5708,1.5708,1.5708,1.5708,1.5708,1.5708,1.5708,1.5708,1.5708,1.5708,1.5708,1.4867,1.4121,1.3468,1.2897,1.24,1.1972,1.1609,1.1307,1.1063,1.0875,1.0742,1.0663,1.0636
1.4867,1.49,1.5,1.5167,1.5405,1.5708,1.5708,1.5708,1.5708,1.5708,1.5708,1.5708,1.5708,1.5708,1.5708,1.5708,1.5708,1.5708,1.5708,1.5708,1.5708,1.5708,1.5708,1.5708,1.5708,1.5708,1.5708,1.5708,1.5708,1.5708,1.5708,1.5708,1.5708,1.5708,1.5708,1.5708,1.5708,1.5708,1.5708,1.5708,1.5708,1.5708,1.5708,1.5708,1.5708,1.5708,1.5708,1.5708,1.5708,1.5708,1.5708,1.5708,1.5708,1.5708,1.5708,1.5708,1.5708,1.5708,1.5708,1.5405,1.5167,1.5,1.49,1.4867
1.5708,1.5708,1.5708,1.5708,1.5708,1.5708,1.5708,1.5708,1.5708,1.5708,1.5708,1.5708,1.5708,1.5708,1.5708,1.5708,1.5708,1.5708,1.5708,1.5708,1.5708,1.5708,1.5708,1.5708,1.5708,1.5708,1.5708,1.5708,1.5708,1.5708,1.5708,1.5708,1.5708,1.5708,1.5708,1.5708,1.5708,1.5708,1.5708,1.5708,1.5708,1.5708,1.5708,1.5708,1.5708,1.5708,1.5708,1.5708,1.5708,1.5708,1.5708,1.5708,1.5708,1.5708,1.5708,1.5708,1.5708,1.5708,1.5708,1.5708,1.5708,1.5708,1.5708,1.5708
1.5708,1.5708,1.5708,1.5708,1.5708,1.5708,1.5708,1.5708,1.5708,1.5708,1.5708,1.5708,1.5708,1.5708,1.5708,1.5708,1.5708,1.5708,1.5708,1.5708,1.5708,1.5708,1.5708,1.5708,1.5708,1.5708,1.5708,1.5708,1.5708,1.5708,1.5708,1.5708,1.5708,1.5708,1.5708,1.5708,1.5708,1.5708,1.5708,1.5708,1.5708,1.5708,1.5708,1.5708,1.5708,1.5708,1.5708,1.5708,1.5708,1.5708,1.5708,1.5708,1.5708,1.5708,1.5708,1.5708,1.5708,1.5708,1.5708,1.5708,1.5708,1.5708,1.5708,1.5708
1.5708,1.5708,1.5708,1.5708,1.5708,1.5708,1.5708,1.5708,1.5708,1.5708,1.5708,1.5708,1.5708,1.5708,1.5708,1.5708,1.5708,1.5708,1.5708,1.5708,1.5708,1.5708,1.5708,1.5708,1.5708,1.5708,1.5708,1.5708,1.5708,1.5708,1.5708,1.5708,1.5708,1.5708,1.5708,1.5708,1.5708,1.5708,1.5708,1.5708,1.5708,1.5708,1.5708,1.5708,1.5708,1.5708,1.5708,1.5708,1.5708,1.5708,1.5708,1.5708,1.5708,1.5708,1.5708,1.5708,1.5708,1.5708,1.5708,1.5708,1.5708,1.5708,1.5708,1.5708
1.5708,1.5708,1.5708,1.5708,1.5708,1.5708,1.5708,1.5708,1.5708,1.5708,1.5708,1.5708,1.5708,1.5708,1.5708,1.5708,1.5708,1.5708,1.5708,1.5708,1.5708,1.5708,1.5708,1.5708,1.5708,1.5708,1.5708,1.5708,1.5708,1.5708,1.5708,1.5708,1.5708,1.5708,1.5708,1.5708,1.5708,1.5708,1.5708,1.5708,1.5708,1.5708,1.5708,1.5708,1.5708,1.5708,1.5708,1.5708,1.5708,1.5708,1.5708,1.5708,1.5708,1.5708,1.5708,1.5708,1.5708,1.5708,1.5708,1.5708,1.5708,1.5708,1.5708,1.5708
1.5708,1.5708,1.5708,1.5708,1.5708,1.5708,1.5708,1.5708,1.5708,1.5708,1.5708,1.5708,1.5708,1.5708,1.5708,1.5708,1.5708,1.5708,1.5708,1.5708,1.5708,1.5708,1.5708,1.5708,1.5708,1.5708,1.5708,1.5708,1.5708,1.5708,1.5708,1.5708,1.5708,1.5708,1.5708,1.5708,1.5708,1.5708,1.5708,1.5708,1.5708,1.5708,1.5708,1.5708,1.5708,1.5708,1.5708,1.5708,1.5708,1.5708,1.5708,1.5708,1.5708,1.5708,1.5708,1.5708,1.5708,1.5708,1.5708,1.5708,1.5708,1.5708,1.5708,1.5708
1.5708,1.5708,1.5708,1.5708,1.5708,1.5708,1.5708,1.5708,1.5708,1.5708,1.5708,1.5708,1.5708,1.5708,1.5708,1.5708,1.5708,1.5708,1.5708,1.5708,1.5708,1.5708,1.5708,1.5708,1.5708,1.5708,1.5708,1.5708,1.5708,1.5708,1.5708,1.5708,1.5708,1.5708,1.5708,1.5708,1.5708,1.5708,1.5708,1.5708,1.5708,1.5708,1.5708,1.5708,1.5708,1.5708,1.5708,1.5708,1.5708,1.5708,1.5708,1.5708,1.5708,1.5708,1.5708,1.5708,1.5708,1.5708,1.5708,1.5708,1.5708,1.5708,1.5708,1.5708
1.5708,1.5708,1.5708,1.5708,1.5708,1.5708,1.5708,1.5708,1.5708,1.5708,1.5708,1.5708,1.5708,1.5708,1.5708,1.5708,1.5708,1.5708,1.5708,1.5708,1.5708,1.5708,1.5708,1.5708,1.5708,1.5708,1.5708,1.5708,1.5708,1.5708,1.5708,1.5708,1.5708,1.5708,1.5708,1.5708,1.5708,1.5708,1.5708,1.5708,1.5708,1.5708,1.5708,1.5708,1.5708,1.5708,1.5708,1.5708,1.5708,1.5708,1.5708,1.5708,1.5708,1.5708,1.5708,1.5708,1.5708,1.5708,1.5708,1.5708,1.5708,1.5708,1.5708,1.5708
1.5708,1.5708,1.5708,1.5708,1.5708,1.5708,1.5708,1.5708,1.5708,1.5708,1.5708,1.5708,1.5708,1.5708,1.5708,1.5708,1.5708,1.5708,1.5708,1.5708,1.5708,1.5708,1.5708,1.5708,1.5708,1.5708,1.5708,1.5708,1.5708,1.5708,1.5708,1.5708,1.5708,1.5708,1.5708,1.5708,1.5708,1.5708,1.5708,1.5708,1.5708,1.5708,1.5708,1.5708,1.5708,1.5708,1.5708,1.5708,1.5708,1.5708,1.5708,1.5708,1.5708,1.5708,1.5708,1.5708,1.5708,1.5708,1.5708,1.5708,1.5708,1.5708,1.5708,1.5708
1.5708,1.5708,1.5708,1.5708,1.5708,1.5708,1.5708,1.5708,1.5708,1.5708,1.5708,1.5708,1.5708,1.5708,1.5708,1.5708,1.5708,1.5708,1.5708,1.5708,1.5708,1.5708,1.5708,1.5708,1.5708,1.5708,1.5708,1.5708,1.5708,1.5708,1.5708,1.5708,1.5708,1.5708,1.5708,1.5708,1.5708,1.5708,1.5708,1.5708,1.5708,1.5708,1.5708,1.5708,1.5708,1.5708,1.5708,1.5708,1.5708,1.5708,1.5708,1.5708,1.5708,1.5708,1.5708,1.5708,1.5708,1.5708,1.5708,1.5708,1.5708,1.5708,1.5708,1.5708
1.5708,1.5708,1.5708,1.5708,1.5708,1.5708,1.5708,1.5708,1.5708,1.5708,1.5708,1.5708,1.5708,1.5708,1.5708,1.5708,1.5708,1.5708,1.5708,1.5708,1.5708,1.5708,1.5708,1.5708,1.5708,1.5708,1.5708,1.5708,1.5708,1.5708,1.5708,1.5708,1.5708,1.5708,1.5708,1.5708,1.5708,1.5708,1.5708,1.5708,1.5708,1.5708,1.5708,1.5708,1.5708,1.5708,1.5708,1.5708,1.5708,1.5708,1.5708,1.5708,1.5708,1.5708,1.5708,1.5708,1.5708,1.5708,1.5708,1.5708,1.5708,1.5708,1.5708,1.5708
1.5708,1.5708,1.5708,1.5708,1.5708,1.5708,1.5708,1.5708,1.5708,1.5708,1.5708,1.5708,1.5708,1.5708,1.5708,1.5708,1.5708,1.5708,1.5708,1.5708,1.5708,1.5708,1.5708,1.5708,1.5708,1.5708,1.5708,1.5708,1.5708,1.5708,1.5708,1.5708,1.5708,1.5708,1.5708,1.5708,1.5708,1.5708,1.5708,1.5708,1.5708,1.5708,1.5708,1.5708,1.5708,1.5708,1.5708,1.5708,1.5708,1.5708,1.5708,1.5708,1.5708,1.5708,1.5708,1.5708,1.5708,1.5708,1.5708,1.5708,1.5708,1.5708,1.5708,1.5708
1.5708,1.5708,1.5708,1.5708,1.5708,1.5708,1.5708,1.5708,1.5708,1.5708,1.5708,1.5708,1.5708,1.5708,1.5708,1.5708,1.5708,1.5708,1.5708,1.5708,1.5708,1.5708,1.5708,1.5708,1.5708,1.5708,1.5708,1.5708,1.5708,1.5708,1.5708,1.5708,1.5708,1.5708,1.5708,1.5708,1.5708,1.5708,1.5708,1.5708,1.5708,1.5708,1.5708,1.5708,1.5708,1.5708,1.5708,1.5708,1.5708,1.5708,1.5708,1.5708,1.5708,1.5708,1.5708,1.5708,1.5708,1.5708,1.5708,1.5708,1.5708,1.5708,1.5708,1.5708
1.5708,1.5708,1.5708,1.5708,1.5708,1.5708,1.5708,1.5708,1.5708,1.5708,1.5708,1.5708,1.5708,1.5708,1.5708,1.5708,1.5708,1.5708,1.5708,1.5708,1.5708,1.5708,1.5708,1.5708,1.5708,1.5708,1.5708,1.5708,1.5708,1.5708,1.5708,1.5708,1.5708,1.5708,1.5708,1.5708,1.5708,1.5708,1.5708,1.5708,1.5708,1.5708,1.5708,1.5708,1.5708,1.5708,1.5708,1.5708,1.5708,1.5708,1.5708,1.5708,1.5708,1.5708,1.5708,1.5708,1.5708,1.5708,1.5708,1.5708,1.5708,1.5708,1.5708,1.5708
1.5708,1.5708,1.5708,1.5708,1.5708,1.5708,1.5708,1.5708,1.5708,1.5708,1.5708,1.5708,1.5708,1.5708,1.5708,1.5708,1.5708,1.5708,1.5708,1.5708,1.5708,1.5708,1.5708,1.5708,1.5708,1.5708,1.5708,1.5708,1.5708,1.5708,1.5708,1.5708,1.5708,1.5708,1.5708,1.5708,1.5708,1.5708,1.5708,1.5708,1.5708,1.5708,1.5708,1.5708,1.5708,1.5708,1.5708,1.5708,1.5708,1.5708,1.5708,1.5708,1.5708,1.5708,1.5708,1.5708,1.5708,1.5708,1.5708,1.5708,1.5708,1.5708,1.5708,1.5708
1.5708,1.5708,1.5708,1.5708,1.5708,1.5708,1.5708,1.5708,1.5708,1.5708,1.5708,1.5708,1.5708,1.5708,1.5708,1.5708,1.5708,1.5708,1.5708,1.5708,1.5708,1.5708,1.5708,1.5708,1.5708,1.5708,1.5708,1.5708,1.5708,1.5708,1.5708,1.5708,1.5708,1.5708,1.5708,1.5708,1.5708,1.5708,1.5708,1.5708,1.5708,1.5708,1.5708,1.5708,1.5708,1.5708,1.5708,1.5708,1.5708,1.5708,1.5708,1.5708,1.5708,1.5708,1.5708,1.5708,1.5708,1.5708,1.5708,1.5708,1.5708,1.5708,1.5708,1.5708
1.5708,1.5708,1.5708,1.5708,1.5708,1.5708,1.5708,1.5708,1.5708,1.5708,1.5708,1.5708,1.5708,1.5708,1.5708,1.5708,1.5708,1.5708,1.5708,1.5708,1.5708,1.5708,1.5708,1.5708,1.5708,1.5708,1.5708,1.5708,1.5708,1.5708,1.5708,1.5708,1.5708,1.5708,1.5708,1.5708,1.5708,1.5708,1.5708,1.5708,1.5708,1.5708,1.5708,1.5708,1.5708,1.5708,1.5708,1.5708,1.5708,1.5708,1.5708,1.5708,1.5708,1.5708,1.5708,1.5708,1.5708,1.5708,1.5708,1.5708,1.5708,1.5708,1.5708,1.5708
1.5708,1.5708,1.5708,1.5708,1.5708,1.5708,1.5708,1.5708,1.5708,1.5708,1.5708,1.5708,1.5708,1.5708,1.5708,1.5708,1.5708,1.5708,1.5708,1.5708,1.5708,1.5708,1.5708,1.5708,1.5708,1.5708,1.5708,1.5708,1.5708,1.5708,1.5708,1.5708,1.5708,1.5708,1.5708,1.5708,1.5708,1.5708,1.5708,1.5708,1.5708,1.5708,1.5708,1.5708,1.5708,1.5708,1.5708,1.5708,1.5708,1.5708,1.5708,1.5708,1.5708,1.5708,1.5708,1.5708,1.5708,1.5708,1.5708,1.5708,1.5708,1.5708,1.5708,1.5708
1.5708,1.5708,1.5708,1.5708,1.5708,1.5708,1.5708,1.5708,1.5708,1.5708,1.5708,1.5708,1.5708,1.5708,1.5708,1.5708,1.5708,1.5708,1.5708,1.5708,1.5708,1.5708,1.5708,1.5708,1.5708,1.5708,1.5708,1.5708,1.5708,1.5708,1.5708,1.5708,1.5708,1.5708,1.5708,1.5708,1.5708,1.5708,1.5708,1.5708,1.5708,1.5708,1.5708,1.5708,1.5708,1.5708,1.5708,1.5708,1.5708,1.5708,1.5708,1.5708,1.5708,1.5708,1.5708,1.5708,1.5708,1.5708,1.5708,1.5708,1.5708,1.5708,1.5708,1.5708
1.5708,1.5708,1.5708,1.5708,1.5708,1.5708,1.5708,1.5708,1.5708,1.5708,1.5708,1.5708,1.5708,1.5708,1.5708,1.5708,1.5708,1.5708,1.5708,1.5708,1.5708,1.5708,1.5708,1.5708,1.5708,1.5708,1.5708,1.5708,1.5708,1.5708,1.5708,1.5708,1.5708,1.5708,1.5708,1.5708,1.5708,1.5708,1.5708,1.5708,1.5708,1.5708,1.5708,1.5708,1.5708,1.5708,1.5708,1.5708,1.5708,1.5708,1.5708,1.5708,1.5708,1.5708,1.5708,1.5708,1.5708,1.5708,1.5708,1.5708,1.5708,1.5708,1.5708,1.5708
1.5708,1.5708,1.5708,1.5708,1.5708,1.5708,1.5708,1.5708,1.5708,1.5708,1.5708,1.5708,1.5708,1.5708,1.5708,1.5708,1.5708,1.5708,1.5708,1.5708,1.5708,1.5708,1.5708,1.5708,1.5708,1.5708,1.5708,1.5708,1.5708,1.5708,1.5708,1.5708,1.5708,1.5708,1.5708,1.5708,1.5708,1.5708,1.5708,1.5708,1.5708,1.5708,1.5708,1.5708,1.5708,1.5708,1.5708,1.5708,1.5708,1.5708,1.5708,1.5708,1.5708,1.5708,1.5708,1.5708,1.5708,1.5708,1.5708,1.5708,1.5708,1.5708,1.5708,1.5708
1.5708,1.5708,1.5708,1.5708,1.5708,1.5708,1.5708,1.5708,1.5708,1.5708,1.5708,1.5708,1.5708,1.5708,1.5708,1.5708,1.5708,1.5708,1.5708,1.5708,1.5708,1.5708,1.5708,1.5708,1.5708,1.5708,1.5708,1.5708,1.5708,1.5708,1.5708,1.5708,1.5708,1.5708,1.5708,1.5708,1.5708,1.5708,1.5708,1.5708,1.5708,1.5708,1.5708,1.5708,1.5708,1.5708,1.5708,1.5708,1.5708,1.5708,1.5708,1.5708,1.5708,1.5708,1.5708,1.5708,1.5708,1.5708,1.5708,1.5708,1.5708,1.5708,1.5708,1.5708
1.5708,1.5708,1.5708,1.5708,1.5708,1.5708,1.5708,1.5708,1.5708,1.5708,1.5708,1.5708,1.5708,1.5708,1.5708,1.5708,1.5708,1.5708,1.5708,1.5708,1.5708,1.5708,1.5708,1.5708,1.5708,1.5708,1.5708,1.5708,1.5708,1.5708,1.5708,1.5708,1.5708,1.5708,1.5708,1.5708,1.5708,1.5708,1.5708,1.5708,1.5708,1.5708,1.5708,1.5708,1.5708,1.5708,1.5708,1.5708,1.5708,1.5708,1.5708,1.5708,1.5708,1.5708,1.5708,1.5708,1.5708,1.5708,1.5708,1.5708,1.5708,1.5708,1.5708,1.5708
1.5708,1.5708,1.5708,1.5708,1.5708,1.5708,1.5708,1.5708,1.5708,1.5708,1.5708,1.5708,1.5708,1.5708,1.5708,1.5708,1.5708,1.5708,1.5708,1.5708,1.5708,1.5708,1.5708,1.5708,1.5708,1.5708,1.5708,1.5708,1.5708,1.5708,1.5708,1.5708,1.5708,1.5708,1.5708,1.5708,1.5708,1.5708,1.5708,1.5708,1.5708,1.5708,1.5708,1.5708,1.5708,1.5708,1.5708,1.5708,1.5708,1.5708,1.5708,1.5708,1.5708,1.5708,1.5708,1.5708,1.5708,1.5708,1.5708,1.5708,1.5708,1.5708,1.5708,1.5708
1.5708,1.5708,1.5708,1.5708,1.5708,1.5708,1.5708,1.5708,1.5708,1.5708,1.5708,1.5708,1.5708,1.5708,1.5708,1.5708,1.5708,1.5708,1.5708,1.5708,1.5708,1.5708,1.5708,1.5708,1.5708,1.5708,1.5708,1.5708,1.5708,1.5708,1.5708,1.5708,1.5708,1.5708,1.5708,1.5708,1.5708,1.5708,1.5708,1.5708,1.5708,1.5708,1.5708,1.5708,1.5708,1.5708,1.5708,1.5708,1.5708,1.5708,1.5708,1.5708,1.5708,1.5708,1.5708,1.5708,1.5708,1.5708,1.5708,1.5708,1.5708,1.5708,1.5708,1.5708
1.5708,1.5708,1.5708,1.5708,1.5708,1.5708,1.5708,1.5708,1.5708,1.5708,1.5708,1.5708,1.5708,1.5708,1.5708,1.5708,1.5708,1.5708,1.5708,1.5708,1.5708,1.5708,1.5708,1.5708,1.5708,1.5708,1.5708,1.5708,1.5708,1.5708,1.5708,1.5708,1.5708,1.5708,1.5708,1.5708,1.5708,1.5708,1.5708,1.5708,1.5708,1.5708,1.5708,1.5708,1.5708,1.5708,1.5708,1.5708,1.5708,1.5708,1.5708,1.5708,1.5708,1.5708,1.5708,1.5708,1.5708,1.5708,1.5708,1.5708,1.5708,1.5708,1.5708,1.5708
1.5708,1.5708,1.5708,1.5708,1.5708,1.5708,1.5708,1.5708,1.5708,1.5708,1.5708,1.5708,1.5708,1.5708,1.5708,1.5708,1.5708,1.5708,1.5708,1.5708,1.5708,1.5708,1.5708,1.5708,1.5708,1.5708,1.5708,1.5708,1.5708,1.5708,1.5708,1.5708,1.5708,1.5708,1.5708,1.5708,1.5708,1.5708,1.5708,1.5708,1.5708,1.5708,1.5708,1.5708,1.5708,1.5708,1.5708,1.5708,1.5708,1.5708,1.5708,1.5708,1.5708,1.5708,1.5708,1.5708,1.5708,1.5708,1.5708,1.5708,1.5708,1.5708,1.5708,1.5708
1.5708,1.5708,1.5708,1.5708,1.5708,1.5708,1.5708,1.5708,1.5708,1.5708,1.5708,1.5708,1.5708,1.5708,1.5708,1.5708,1.5708,1.5708,1.5708,1.5708,1.5708,1.5708,1.5708,1.5708,1.5708,1.5708,1.5708,1.5708,1.5708,1.5708,1.5708,1.5708,1.5708,1.5708,1.5708,1.5708,1.5708,1.5708,1.5708,1.5708,1.5708,1.5708,1.5708,1.5708,1.5708,1.5708,1.5708,1.5708,1.5708,1.5708,1.5708,1.5708,1.5708,1.5708,1.5708,1.5708,1.5708,1.5708,1.5708,1.5708,1.5708,1.5708,1.5708,1.5708
1.5708,1.5708,1.5708,1.5708,1.5708,1.5708,1.5708,1.5708,1.5708,1.5708,1.5708,1.5708,1.5708,1.5708,1.5708,1.5708,1.5708,1.5708,1.5708,1.5708,1.5708,1.5708,1.5708,1.5708,1.5708,1.5708,1.5708,1.5708,1.5708,1.5708,1.5708,1.5708,1.5708,1.5708,1.5708,1.5708,1.5708,1.5708,1.5708,1.5708,1.5708,1.5708,1.5708,1.5708,1.5708,1.5708,1.5708,1.5708,1.5708,1.5708,1.5708,1.5708,1.5708,1.5708,1.5708,1.5708,1.5708,1.5708,1.5708,1.5708,1.5708,1.5708,1.5708,1.5708
1.5708,1.5708,1.5708,1.5708,1.5708,1.5708,1.5708,1.5708,1.5708,1.5708,1.5708,1.5708,1.5708,1.5708,1.5708,1.5708,1.5708,1.5708,1.5708,1.5708,1.5708,1.5708,1.5708,1.5708,1.5708,1.5708,1.5708,1.5708,1.5708,1.5708,1.5708,1.5708,1.5708,1.5708,1.5708,1.5708,1.5708,1.5708,1.5708,1.5708,1.5708,1.5708,1.5708,1.5708,1.5708,1.5708,1.5708,1.5708,1.5708,1.5708,1.5708,1.5708,1.5708,1.5708,1.5708,1.5708,1.5708,1.5708,1.5708,1.5708,1.5708,1.5708,1.5708,1.5708
1.5708,1.5708,1.5708,1.5708,1.5708,1.5708,1.5708,1.5708,1.5708,1.5708,1.5708,1.5708,1.5708,1.5708,1.5708,1.5708,1.5708,1.5708,1.5708,1.5708,1.5708,1.5708,1.5708,1.5708,1.5708,1.5708,1.5708,1.5708,1.5708,1.5708,1.5708,1.5708,1.5708,1.5708,1.5708,1.5708,1.5708,1.5708,1.5708,1.5708,1.5708,1.5708,1.5708,1.5708,1.5708,1.5708,1.5708,1.5708,1.5708,1.5708,1.5708,1.5708,1.5708,1.5708,1.5708,1.5708,1.5708,1.5708,1.5708,1.5708,1.5708,1.5708,1.5708,1.5708
1.5708,1.5708,1.5708,1.5708,1.5708,1.5708,1.5708,1.5708,1.5708,1.5708,1.5708,1.5708,1.5708,1.5708,1.5708,1.5708,1.5708,1.5708,1.5708,1.5708,1.5708,1.5708,1.5708,1.5708,1.5708,1.5708,1.5708,1.5708,1.5708,1.5708,1.5708,1.5708,1.5708,1.5708,1.5708,1.5708,1.5708,1.5708,1.5708,1.5708,1.5708,1.5708,1.5708,1.5708,1.5708,1.5708,1.5708,1.5708,1.5708,1.5708,1.5708,1.5708,1.5708,1.5708,1.5708,1.5708,1.5708,1.5708,1.5708,1.5708,1.5708,1.5708,1.5708,1.5708
1.5708,1.5708,1.5708,1.5708,1.5708,1.5708,1.5708,1.5708,1.5708,1.5708,1.5708,1.5708,1.5708,1.5708,1.5708,1.5708,1.5708,1.5708,1.5708,1.5708,1.5708,1.5708,1.5708,1.5708,1.5708,1.5708,1.5708,1.5708,1.5708,1.5708,1.5708,1.5708,1.5708,1.5708,1.5708,1.5708,1.5708,1.5708,1.5708,1.5708,1.5708,1.5708,1.5708,1.5708,1.5708,1.5708,1.5708,1.5708,1.5708,1.5708,1.5708,1.5708,1.5708,1.5708,1.5708,1.5708,1.5708,1.5708,1.5708,1.5708,1.5708,1.5708,1.5708,1.5708
1.5708,1.5708,1.5708,1.5708,1.5708,1.5708,1.5708,1.5708,1.5708,1.5708,1.5708,1.5708,1.5708,1.5708,1.5708,1.5708,1.5708,1.5708,1.5708,1.5708,1.5708,1.5708,1.5708,1.5708,1.5708,1.5708,1.5708,1.5708,1.5708,1.5708,1.5708,1.5708,1.5708,1.5708,1.5708,1.5708,1.5708,1.5708,1.5708,1.5708,1.5708,1.5708,1.5708,1.5708,1.5708,1.5708,1.5708,1.5708,1.5708,1.5708,1.5708,1.5708,1.5708,1.5708,1.5708,1.5708,1.5708,1.5708,1.5708,1.5708,1.5708,1.5708,1.5708,1.5708
1.5708,1.5708,1.5708,1.5708,1.5708,1.5708,1.5708,1.5708,1.5708,1.5708,1.5708,1.5708,1.5708,1.5708,1.5708,1.5708,1.5708,1.5708,1.5708,1.5708,1.5708,1.5708,1.5708,1.5708,1.5708,1.5708,1.5708,1.5708,1.5708,1.5708,1.5708,1.5708,1.5708,1.5708,1.5708,1.5708,1.5708,1.5708,1.5708,1.5708,1.5708,1.5708,1.5708,1.5708,1.5708,1.5708,1.5708,1.5708,1.5708,1.5708,1.5708,1.5708,1.5708,1.5708,1.5708,1.5708,1.5708,1.5708,1.5708,1.5708,1.5708,1.5708,1.5708,1.5708
1.5708,1.5708,1.5708,1.5708,1.5708,1.5708,1.5708,1.5708,1.5708,1.5708,1.5708,1.5708,1.5708,1.5708,1.5708,1.5708,1.5708,1.5708,1.5708,1.5708,1.5708,1.5708,1.5708,1.5708,1.5708,1.5708,1.5708,1.5708,1.5708,1.5708,1.5708,1.5708,1.5708,1.5708,1.5708,1.5708,1.5708,1.5708,1.5708,1.5708,1.5708,1.5708,1.5708,1.5708,1.5708,1.5708,1.5708,1.5708,1.5708,1.5708,1.5708,1.5708,1.5708,1.5708,1.5708,1.5708,1.5708,1.5708,1.5708,1.5708,1.5708,1.5708,1.5708,1.5708
1.5708,1.5708,1.5708,1.5708,1.5708,1.5708,1.5708,1.5708,1.5708,1.5708,1.5708,1.5708,1.5708,1.5708,1.5708,1.5708,1.5708,1.5708,1.5708,1.5708,1.5708,1.5708,1.5708,1.5708,1.5708,1.5708,1.5708,1.5708,1.5708,1.5708,1.5708,1.5708,1.5708,1.5708,1.5708,1.5708,1.5708,1.5708,1.5708,1.5708,1.5708,1.5708,1.5708,1.5708,1.5708,1.5708,1.5708,1.5708,1.5708,1.5708,1.5708,1.5708,1.5708,1.5708,1.5708,1.5708,1.5708,1.5708,1.5708,1.5708,1.5708,1.5708,1.5708,1.5708
1.5708,1.5708,1.5708,1.5708,1.5708,1.5708,1.5708,1.5708,1.5708,1.5708,1.5708,1.5708,1.5708,1.5708,1.5708,1.5708,1.5708,1.5708,1.5708,1.5708,1.5708,1.5708,1.5708,1.5708,1.5708,1.5708,1.5708,1.5708,1.5708,1.5708,1.5708,1.5708,1.5708,1.5708,1.5708,1.5708,1.5708,1.5708,1.5708,1.5708,1.5708,1.5708,1.5708,1.5708,1.5708,1.5708,1.5708,1.5708,1.5708,1.5708,1.5708,1.5708,1.5708,1.5708,1.5708,1.5708,1.5708,1.5708,1.5708,1.5708,1.5708,1.5708,1.5708,1.5708
1.5708,1.5708,1.5708,1.5708,1.5708,1.5708,1.5708,1.5708,1.5708,1.5708,1.5708,1.5708,1.5708,1.5708,1.5708,1.5708,1.5708,1.5708,1.5708,1.5708,1.5708,1.5708,1.5708,1.5708,1.5708,1.5708,1.5708,1.5708,1.5708,1.5708,1.5708,1.5708,1.5708,1.5708,1.5708,1.5708,1.5708,1.5708,1.5708,1.5708,1.5708,1.5708,1.5708,1.5708,1.5708,1.5708,1.5708,1.5708,1.5708,1.5708,1.5708,1.5708,1.5708,1.5708,1.5708,1.5708,1.5708,1.5708,1.5708,1.5708,1.5708,1.5708,1.5708,1.5708
