0,0,0,0,0,0,0,0,0,0,0,0,0,0,1.571,1.571,1.571,1.571,0,0,0,0,0,0,0,0,0,0,0,0,0,0
0,0,0,0,0,0,0,0,0,0,0,0,0,0,1.571,1.571,1.571,1.571,0,0,0,0,0,0,0,0,0,0,0,0,0,0
0,0,0,0,0,0,0,0,0,0,0,0,0,0,1.571,1.571,1.571,1.571,0,0,0,0,0,0,0,0,0,0,0,0,0,0
0,0,0,0,0,0,0,0,0,0,0,0,0,0,1.571,1.571,1.571,1.571,0,0,0,0,0,0,0,0,0,0,0,0,0,0
0,0,0,0,0,0,0,0,0,0,0,0,0,0,1.571,1.571,1.571,1.571,0,0,0,0,0,0,0,0,0,0,0,0,0,0
0,0,0,0,0,0,0,0,0,0,0,0,0,0,1.571,1.571,1.571,1.571,0,0,0,0,0,0,0,0,0,0,0,0,0,0
0,0,0,0,0,0,0,0,0,0,0,0,0,0,1.571,1.571,1.571,1.571,0,0,0,0,0,0,0,0,0,0,0,0,0,0
0,0,0,0,0,0,0,0,0,0,0,0,0,0,1.571,1.571,1.571,1.571,0,0,0,0,0,0,0,0,0,0,0,0,0,0
0,0,0,0,0,0,0,0,0,0,0,0,0,0,1.571,1.571,1.571,1.571,0,0,0,0,0,0,0,0,0,0,0,0,0,0
0,0,0,0,0,0,0,0,0,0,0,0,0,0,1.571,1.571,1.571,1.571,0,0,0,0,0,0,0,0,0,0,0,0,0,0
0,0,0,0,0,0,0,0,0,0,0,0,0,0,1.571,1.571,1.571,1.571,0,0,0,0,0,0,0,0,0,0,0,0,0,0
0,0,0,0,0,0,0,0,0,0,0,0,0,0,1.571,1.571,1.571,1.571,0,0,0,0,0,0,0,0,0,0,0,0,0,0
0,0,0,0,0,0,0,0,0,0,0,0,0,0,1.571,1.571,1.571,1.571,0,0,0,0,0,0,0,0,0,0,0,0,0,0
0,0,0,0,0,0,0,0,0,0,0,0,0,0,1.571,1.571,1.571,1.571,0,0,0,0,0,0,0,0,0,0,0,0,0,0
1.571,1.571,1.571,1.571,1.571,1.571,1.571,1.571,1.571,1.571,1.571,1.571,1.571,1.571,1.571,1.571,1.571,1.571,1.571,1.571,1.571,1.571,1.571,1.571,1.571,1.571,1.571,1.571,1.571,1.571,1.571,1.571
1.571,1.571,1.571,1.571,1.571,1.571,1.571,1.571,1.571,1.571,1.571,1.571,1.571,1.571,1.571,1.571,1.571,1.571,1.571,1.571,1.571,1.571,1.571,1.571,1.571,1.571,1.571,1.571,1.571,1.571,1.571,1.571
1.571,1.571,1.571,1.571,1.571,1.571,1.571,1.571,1.571,1.571,1.571,1.571,1.571,1.571,1.571,1.571,1.571,1.571,1.571,1.571,1.571,1.571,1.571,1.571,1.571,1.571,1.571,1.571,1.571,1.571,1.571,1.571
1.571,1.571,1.571,1.571,1.571,1.571,1.571,1.571,1.571,1.571,1.571,1.571,1.571,1.571,1.571,1.571,1.571,1.571,1.571,1.571,1.571,1.571,1.571,1.571,1.571,1.571,1.571,1.571,1.571,1.571,1.571,1.571
1.571,1.571,1.571,1.571,1.571,1.571,1.571,1.571,1.571,1.571,1.571,1.571,1.571,1.571,1.571,1.571,1.571,1.571,1.571,1.571,1.571,1.571,1.571,1.571,1.571,1.571,1.571,1.571,1.571,1.571,1.571,1.571
1.571,1.571,1.571,1.571,1.571,1.571,1.571,1.571,1.571,1.571,1.571,1.571,1.571,1.571,1.571,1.571,1.571,1.571,1.571,1.571,1.571,1.571,1.571,1.571,1.571,1.571,1.571,1.571,1.571,1.571,1.571,1.571
1.571,1.571,1.571,1.571,1.571,1.571,1.571,1.571,1.571,1.571,1.571,1.571,1.571,1.571,1.571,1.571,1.571,1.571,1.571,1.571,1.571,1.571,1.571,1.571,1.571,1.571,1.571,1.571,1.571,1.571,1.571,1.571
1.571,1.571,1.571,1.571,1.571,1.571,1.571,1.571,1.571,1.571,1.571,1.571,1.571,1.571,1.571,1.571,1.571,1.571,1.571,1.571,1.571,1.571,1.571,1.571,1.571,1.571,1.571,1.571,1.571,1.571,1.571,1.571
1.571,1.571,1.571,1.571,1.571,1.571,1.571,1.571,1.571,1.571,1.571,1.571,1.571,1.571,1.571,1.571,1.571,1.571,1.571,1.571,1.571,1.571,1.571,1.571,1.571,1.571,1.571,1.571,1.571,1.571,1.571,1.571
1.571,1.571,1.571,1.571,1.571,1.571,1.571,1.571,1.571,1.571,1.571,1.571,1.571,1.571,1.571,1.571,1.571,1.571,1.571,1.571,1.571,1.571,1.571,1.571,1.571,1.571,1.571,1.571,1.571,1.571,1.571,1.571
1.571,1.571,1.571,1.571,1.571,1.571,1.571,1.571,1.571,1.571,1.571,1.571,1.571,1.571,1.571,1.571,1.571,1.571,1.571,1.571,1.571,1.571,1.571,1.571,1.571,1.571,1.571,1.571,1.571,1.571,1.571,1.571
1.571,1.571,1.571,1.571,1.571,1.571,1.571,1.571,1.571,1.571,1.571,1.571,1.571,1.571,1.571,1.571,1.571,1.571,1.571,1.571,1.571,1.571,1.571,1.571,1.571,1.571,1.571,1.571,1.571,1.571,1.571,1.571
1.571,1.571,1.571,1.571,1.571,1.571,1.571,1.571,1.571,1.571,1.571,1.571,1.571,1.571,1.571,1.571,1.571,1.571,1.571,1.571,1.571,1.571,1.571,1.571,1.571,1.571,1.571,1.571,1.571,1.571,1.571,1.571
1.571,1.571,1.571,1.571,1.571,1.571,1.571,1.571,1.571,1.571,1.571,1.571,1.571,1.571,1.571,1.571,1.571,1.571,1.571,1.571,1.571,1.571,1.571,1.571,1.571,1.571,1.571,1.571,1.571,1.571,1.571,1.571
1.571,1.571,1.571,1.571,1.571,1.571,1.571,1.571,1.571,1.571,1.571,1.571,1.571,1.571,1.571,1.571,1.571,1.571,1.571,1.571,1.571,1.571,1.571,1.571,1.571,1.571,1.571,1.571,1.571,1.571,1.571,1.571
1.571,1.571,1.571,1.571,1.571,1.571,1.571,1.571,1.571,1.571,1.571,1.571,1.571,1.571,1.571,1.571,1.571,1.571,1.571,1.571,1.571,1.571,1.571,1.571,1.571,1.571,1.571,1.571,1.571,1.571,1.571,1.571
1.571,1.571,1.571,1.571,1.571,1.571,1.571,1.571,1.571,1.571,1.571,1.571,1.571,1.571,1.571,1.571,1.571,1.571,1.571,1.571,1.571,1.571,1.571,1.571,1.571,1.571,1.571,1.571,1.571,1.571,1.571,1.571
1.571,1.571,1.571,1.571,1.571,1.571,1.571,1.571,1.571,1.571,1.571,1.571,1.571,1.571,1.571,1.571,1.571,1.571,1.571,1.571,1.571,1.571,1.571,1.571,1.571,1.571,1.571,1.571,1.571,1.571,1.571,1.571
