0.40386,0.17999,0.042594,0.00021623,0.05549,0.20498,0.43939,0.74414,1.1003,1.4857,1.8764,2.2481,2.5777,2.8447,3.0324,3.1293,3.1293,3.0324,2.8447,2.5777,2.2481,1.8764,1.4857,1.1003,0.74414,0.43939,0.20498,0.05549,0.00021623,0.042594,0.17999,0.40386
0.40386,0.17999,0.042594,0.00021623,0.05549,0.20498,0.43939,0.74414,1.1003,1.4857,1.8764,2.2481,2.5777,2.8447,3.0324,3.1293,3.1293,3.0324,2.8447,2.5777,2.2481,1.8764,1.4857,1.1003,0.74414,0.43939,0.20498,0.05549,0.00021623,0.042594,0.17999,0.40386
0.40386,0.17999,0.042594,0.00021623,0.05549,0.20498,0.43939,0.74414,1.1003,1.4857,1.8764,2.2481,2.5777,2.8447,3.0324,3.1293,3.1293,3.0324,2.8447,2.5777,2.2481,1.8764,1.4857,1.1003,0.74414,0.43939,0.20498,0.05549,0.00021623,0.042594,0.17999,0.40386
0.40386,0.17999,0.042594,0.00021623,0.05549,0.20498,0.43939,0.74414,1.1003,1.4857,1.8764,2.2481,2.5777,2.8447,3.0324,3.1293,3.1293,3.0324,2.8447,2.5777,2.2481,1.8764,1.4857,1.1003,0.74414,0.43939,0.20498,0.05549,0.00021623,0.042594,0.17999,0.40386
0.40386,0.17999,0.042594,0.00021623,0.05549,0.20498,0.43939,0.74414,1.1003,1.4857,1.8764,2.2481,2.5777,2.8447,3.0324,3.1293,3.1293,3.0324,2.8447,2.5777,2.2481,1.8764,1.4857,1.1003,0.74414,0.43939,0.20498,0.05549,0.00021623,0.042594,0.17999,0.40386
0.40386,0.17999,0.042594,0.00021623,0.05549,0.20498,0.43939,0.74414,1.1003,1.4857,1.8764,2.2481,2.5777,2.8447,3.0324,3.1293,3.1293,3.0324,2.8447,2.5777,2.2481,1.8764,1.4857,1.1003,0.74414,0.43939,0.20498,0.05549,0.00021623,0.042594,0.17999,0.40386
0.40386,0.17999,0.042594,0.00021623,0.05549,0.20498,0.43939,0.74414,1.1003,1.4857,1.8764,2.2481,2.5777,2.8447,3.0324,3.1293,3.1293,3.0324,2.8447,2.5777,2.2481,1.8764,1.4857,1.1003,0.74414,0.43939,0.20498,0.05549,0.00021623,0.042594,0.17999,0.40386
0.40386,0.17999,0.042594,0.00021623,0.05549,0.20498,0.43939,0.74414,1.1003,1.4857,1.8764,2.2481,2.5777,2.8447,3.0324,3.1293,3.1293,3.0324,2.8447,2.5777,2.2481,1.8764,1.4857,1.1003,0.74414,0.43939,0.20498,0.05549,0.00021623,0.042594,0.17999,0.40386
0.40386,0.17999,0.042594,0.00021623,0.05549,0.20498,0.43939,0.74414,1.1003,1.4857,1.8764,2.2481,2.5777,2.8447,3.0324,3.1293,3.1293,3.0324,2.8447,2.5777,2.2481,1.8764,1.4857,1.1003,0.74414,0.43939,0.20498,0.05549,0.00021623,0.042594,0.17999,0.40386
0.40386,0.17999,0.042594,0.00021623,0.05549,0.20498,0.43939,0.74414,1.1003,1.4857,1.8764,2.2481,2.5777,2.8447,3.0324,3.1293,3.1293,3.0324,2.8447,2.5777,2.2481,1.8764,1.4857,1.1003,0.74414,0.43939,0.20498,0.05549,0.00021623,0.042594,0.17999,0.40386
0.40386,0.17999,0.042594,0.00021623,0.05549,0.20498,0.43939,0.74414,1.1003,1.4857,1.8764,2.2481,2.5777,2.8447,3.0324,3.1293,3.1293,3.0324,2.8447,2.5777,2.2481,1.8764,1.4857,1.1003,0.74414,0.43939,0.20498,0.05549,0.00021623,0.042594,0.17999,0.40386
0.40386,0.17999,0.042594,0.00021623,0.05549,0.20498,0.43939,0.74414,1.1003,1.4857,1.8764,2.2481,2.5777,2.8447,3.0324,3.1293,3.1293,3.0324,2.8447,2.5777,2.2481,1.8764,1.4857,1.1003,0.74414,0.43939,0.20498,0.05549,0.00021623,0.042594,0.17999,0.40386
0.40386,0.17999,0.042594,0.00021623,0.05549,0.20498,0.43939,0.74414,1.1003,1.4857,1.8764,2.2481,2.5777,2.8447,3.0324,3.1293,3.1293,3.0324,2.8447,2.5777,2.2481,1.8764,1.4857,1.1003,0.74414,0.43939,0.20498,0.05549,0.00021623,0.042594,0.17999,0.40386
0.40386,0.17999,0.042594,0.00021623,0.05549,0.20498,0.43939,0.74414,1.1003,1.4857,1.8764,2.2481,2.5777,2.8447,3.0324,3.1293,3.1293,3.0324,2.8447,2.5777,2.2481,1.8764,1.4857,1.1003,0.74414,0.43939,0.20498,0.05549,0.00021623,0.042594,0.17999,0.40386
0.40386,0.17999,0.042594,0.00021623,0.05549,0.20498,0.43939,0.74414,1.1003,1.4857,1.8764,2.2481,2.5777,2.8447,3.0324,3.1293,3.1293,3.0324,2.8447,2.5777,2.2481,1.8764,1.4857,1.1003,0.74414,0.43939,0.20498,0.05549,0.00021623,0.042594,0.17999,0.40386
0.40386,0.17999,0.042594,0.00021623,0.05549,0.20498,0.43939,0.74414,1.1003,1.4857,1.8764,2.2481,2.5777,2.8447,3.0324,3.1293,3.1293,3.0324,2.8447,2.5777,2.2481,1.8764,1.4857,1.1003,0.74414,0.43939,0.20498,0.05549,0.00021623,0.042594,0.17999,0.40386
0.40386,0.17999,0.042594,0.00021623,0.05549,0.20498,0.43939,0.74414,1.1003,1.4857,1.8764,2.2481,2.5777,2.8447,3.0324,3.1293,3.1293,3.0324,2.8447,2.5777,2.2481,1.8764,1.4857,1.1003,0.74414,0.43939,0.20498,0.05549,0.00021623,0.042594,0.17999,0.40386
0.40386,0.17999,0.042594,0.00021623,0.05549,0.20498,0.43939,0.74414,1.1003,1.4857,1.8764,2.2481,2.5777,2.8447,3.0324,3.1293,3.1293,3.0324,2.8447,2.5777,2.2481,1.8764,1.4857,1.1003,0.74414,0.43939,0.20498,0.05549,0.00021623,0.042594,0.17999,0.40386
0.40386,0.17999,0.042594,0.00021623,0.05549,0.20498,0.43939,0.74414,1.1003,1.4857,1.8764,2.2481,2.5777,2.8447,3.0324,3.1293,3.1293,3.0324,2.8447,2.5777,2.2481,1.8764,1.4857,1.1003,0.74414,0.43939,0.20498,0.05549,0.00021623,0.042594,0.17999,0.40386
0.40386,0.17999,0.042594,0.00021623,0.05549,0.20498,0.43939,0.74414,1.1003,1.4857,1.8764,2.2481,2.5777,2.8447,3.0324,3.1293,3.1293,3.0324,2.8447,2.5777,2.2481,1.8764,1.4857,1.1003,0.74414,0.43939,0.20498,0.05549,0.00021623,0.042594,0.17999,0.40386
0.40386,0.17999,0.042594,0.00021623,0.05549,0.20498,0.43939,0.74414,1.1003,1.4857,1.8764,2.2481,2.5777,2.8447,3.0324,3.1293,3.1293,3.0324,2.8447,2.5777,2.2481,1.8764,1.4857,1.1003,0.74414,0.43939,0.20498,0.05549,0.00021623,0.042594,0.17999,0.40386
0.40386,0.17999,0.042594,0.00021623,0.05549,0.20498,0.43939,0.74414,1.1003,1.4857,1.8764,2.2481,2.5777,2.8447,3.0324,3.1293,3.1293,3.0324,2.8447,2.5777,2.2481,1.8764,1.4857,1.1003,0.74414,0.43939,0.20498,0.05549,0.00021623,0.042594,0.17999,0.40386
0.40386,0.17999,0.042594,0.00021623,0.05549,0.20498,0.43939,0.74414,1.1003,1.4857,1.8764,2.2481,2.5777,2.8447,3.0324,3.1293,3.1293,3.0324,2.8447,2.5777,2.2481,1.8764,1.4857,1.1003,0.74414,0.43939,0.20498,0.05549,0.00021623,0.042594,0.17999,0.40386
0.40386,0.17999,0.042594,0.00021623,0.05549,0.20498,0.43939,0.74414,1.1003,1.4857,1.8764,2.2481,2.5777,2.8447,3.0324,3.1293,3.1293,3.0324,2.8447,2.5777,2.2481,1.8764,1.4857,1.1003,0.74414,0.43939,0.20498,0.05549,0.00021623,0.042594,0.17999,0.40386
0.40386,0.17999,0.042594,0.00021623,0.05549,0.20498,0.43939,0.74414,1.1003,1.4857,1.8764,2.2481,2.5777,2.8447,3.0324,3.1293,3.1293,3.0324,2.8447,2.5777,2.2481,1.8764,1.4857,1.1003,0.74414,0.43939,0.20498,0.05549,0.00021623,0.042594,0.17999,0.40386
0.40386,0.17999,0.042594,0.00021623,0.05549,0.20498,0.43939,0.74414,1.1003,1.4857,1.8764,2.2481,2.5777,2.8447,3.0324,3.1293,3.1293,3.0324,2.8447,2.5777,2.2481,1.8764,1.4857,1.1003,0.74414,0.43939,0.20498,0.05549,0.00021623,0.042594,0.17999,0.40386
0.40386,0.17999,0.042594,0.00021623,0.05549,0.20498,0.43939,0.74414,1.1003,1.4857,1.8764,2.2481,2.5777,2.8447,3.0324,3.1293,3.1293,3.0324,2.8447,2.5777,2.2481,1.8764,1.4857,1.1003,0.74414,0.43939,0.20498,0.05549,0.00021623,0.042594,0.17999,0.40386
0.40386,0.17999,0.042594,0.00021623,0.05549,0.20498,0.43939,0.74414,1.1003,1.4857,1.8764,2.2481,2.5777,2.8447,3.0324,3.1293,3.1293,3.0324,2.8447,2.5777,2.2481,1.8764,1.4857,1.1003,0.74414,0.43939,0.20498,0.05549,0.00021623,0.042594,0.17999,0.40386
0.40386,0.17999,0.042594,0.00021623,0.05549,0.20498,0.43939,0.74414,1.1003,1.4857,1.8764,2.2481,2.5777,2.8447,3.0324,3.1293,3.1293,3.0324,2.8447,2.5777,2.2481,1.8764,1.4857,1.1003,0.74414,0.43939,0.20498,0.05549,0.00021623,0.042594,0.17999,0.40386
0.40386,0.17999,0.042594,0.00021623,0.05549,0.20498,0.43939,0.74414,1.1003,1.4857,1.8764,2.2481,2.5777,2.8447,3.0324,3.1293,3.1293,3.0324,2.8447,2.5777,2.2481,1.8764,1.4857,1.1003,0.74414,0.43939,0.20498,0.05549,0.00021623,0.042594,0.17999,0.40386
0.40386,0.17999,0.042594,0.00021623,0.05549,0.20498,0.43939,0.74414,1.1003,1.4857,1.8764,2.2481,2.5777,2.8447,3.0324,3.1293,3.1293,3.0324,2.8447,2.5777,2.2481,1.8764,1.4857,1.1003,0.74414,0.43939,0.20498,0.05549,0.00021623,0.042594,0.17999,0.40386
0.40386,0.17999,0.042594,0.00021623,0.05549,0.20498,0.43939,0.74414,1.1003,1.4857,1.8764,2.2481,2.5777,2.8447,3.0324,3.1293,3.1293,3.0324,2.8447,2.5777,2.2481,1.8764,1.4857,1.1003,0.74414,0.43939,0.20498,0.05549,0.00021623,0.042594,0.17999,0.40386
