2.3752,2.1402,1.8894,1.6299,1.3686,1.113,0.87008,0.64657,0.44867,0.28186,0.15078,0.059054,0.0092211,0.002665,0.039567,0.11891,0.23848,0.39498,0.58406,0.80049,1.0383,1.2908,1.5511,1.8119,2.0661,2.3065,2.5266,2.7201,2.8818,3.0072,3.0928,3.1361,3.1361,3.0928,3.0072,2.8818,2.7201,2.5266,2.3065,2.0661,1.8119,1.5511,1.2908,1.0383,0.80049,0.58406,0.39498,0.23848,0.11891,0.039567,0.002665,0.0092211,0.059054,0.15078,0.28186,0.44867,0.64657,0.87008,1.113,1.3686,1.6299,1.8894,2.1402,2.3752
2.3752,2.1402,1.8894,1.6299,1.3686,1.113,0.87008,0.64657,0.44867,0.28186,0.15078,0.059054,0.0092211,0.002665,0.039567,0.11891,0.23848,0.39498,0.58406,0.80049,1.0383,1.2908,1.5511,1.8119,2.0661,2.3065,2.5266,2.7201,2.8818,3.0072,3.0928,3.1361,3.1361,3.0928,3.0072,2.8818,2.7201,2.5266,2.3065,2.0661,1.8119,1.5511,1.2908,1.0383,0.80049,0.58406,0.39498,0.23848,0.11891,0.039567,0.002665,0.0092211,0.059054,0.15078,0.28186,0.44867,0.64657,0.87008,1.113,1.3686,1.6299,1.8894,2.1402,2.3752
2.3752,2.1402,1.8894,1.6299,1.3686,1.113,0.87008,0.64657,0.44867,0.28186,0.15078,0.059054,0.0092211,0.002665,0.039567,0.11891,0.23848,0.39498,0.58406,0.80049,1.0383,1.2908,1.5511,1.8119,2.0661,2.3065,2.5266,2.7201,2.8818,3.0072,3.0928,3.1361,3.1361,3.0928,3.0072,2.8818,2.7201,2.5266,2.3065,2.0661,1.8119,1.5511,1.2908,1.0383,0.80049,0.58406,0.39498,0.23848,0.11891,0.039567,0.002665,0.0092211,0.059054,0.15078,0.28186,0.44867,0.64657,0.87008,1.113,1.3686,1.6299,1.8894,2.1402,2.3752
2.3752,2.1402,1.8894,1.6299,1.3686,1.113,0.87008,0.64657,0.44867,0.28186,0.15078,0.059054,0.0092211,0.002665,0.039567,0.11891,0.23848,0.39498,0.58406,0.80049,1.0383,1.2908,1.5511,1.8119,2.0661,2.3065,2.5266,2.7201,2.8818,3.0072,3.0928,3.1361,3.1361,3.0928,3.0072,2.8818,2.7201,2.5266,2.3065,2.0661,1.8119,1.5511,1.2908,1.0383,0.80049,0.58406,0.39498,0.23848,0.11891,0.039567,0.002665,0.0092211,0.059054,0.15078,0.28186,0.44867,0.64657,0.87008,1.113,1.3686,1.6299,1.8894,2.1402,2.3752
2.3752,2.1402,1.8894,1.6299,1.3686,1.113,0.87008,0.64657,0.44867,0.28186,0.15078,0.059054,0.0092211,0.002665,0.039567,0.11891,0.23848,0.39498,0.58406,0.80049,1.0383,1.2908,1.5511,1.8119,2.0661,2.3065,2.5266,2.7201,2.8818,3.0072,3.0928,3.1361,3.1361,3.0928,3.0072,2.8818,2.7201,2.5266,2.3065,2.0661,1.8119,1.5511,1.2908,1.0383,0.80049,0.58406,0.39498,0.23848,0.11891,0.039567,0.002665,0.0092211,0.059054,0.15078,0.28186,0.44867,0.64657,0.87008,1.113,1.3686,1.6299,1.8894,2.1402,2.3752
2.3752,2.1402,1.8894,1.6299,1.3686,1.113,0.87008,0.64657,0.44867,0.28186,0.15078,0.059054,0.0092211,0.002665,0.039567,0.11891,0.23848,0.39498,0.58406,0.80049,1.0383,1.2908,1.5511,1.8119,2.0661,2.3065,2.5266,2.7201,2.8818,3.0072,3.0928,3.1361,3.1361,3.0928,3.0072,2.8818,2.7201,2.5266,2.3065,2.0661,1.8119,1.5511,1.2908,1.0383,0.80049,0.58406,0.39498,0.23848,0.11891,0.039567,0.002665,0.0092211,0.059054,0.15078,0.28186,0.44867,0.64657,0.87008,1.113,1.3686,1.6299,1.8894,2.1402,2.3752
2.3752,2.1402,1.8894,1.6299,1.3686,1.113,0.87008,0.64657,0.44867,0.28186,0.15078,0.059054,0.0092211,0.002665,0.039567,0.11891,0.23848,0.39498,0.58406,0.80049,1.0383,1.2908,1.5511,1.8119,2.0661,2.3065,2.5266,2.7201,2.8818,3.0072,3.0928,3.1361,3.1361,3.0928,3.0072,2.8818,2.7201,2.5266,2.3065,2.0661,1.8119,1.5511,1.2908,1.0383,0.80049,0.58406,0.39498,0.23848,0.11891,0.039567,0.002665,0.0092211,0.059054,0.15078,0.28186,0.44867,0.64657,0.87008,1.113,1.3686,1.6299,1.8894,2.1402,2.3752
2.3752,2.1402,1.8894,1.6299,1.3686,1.113,0.87008,0.64657,0.44867,0.28186,0.15078,0.059054,0.0092211,0.002665,0.039567,0.11891,0.23848,0.39498,0.58406,0.80049,1.0383,1.2908,1.5511,1.8119,2.0661,2.3065,2.5266,2.7201,2.8818,3.0072,3.0928,3.1361,3.1361,3.0928,3.0072,2.8818,2.7201,2.5266,2.3065,2.0661,1.8119,1.5511,1.2908,1.0383,0.80049,0.58406,0.39498,0.23848,0.11891,0.039567,0.002665,0.0092211,0.059054,0.15078,0.28186,0.44867,0.64657,0.87008,1.113,1.3686,1.6299,1.8894,2.1402,2.3752
2.3752,2.1402,1.8894,1.6299,1.3686,1.113,0.87008,0.64657,0.44867,0.28186,0.15078,0.059054,0.0092211,0.002665,0.039567,0.11891,0.23848,0.39498,0.58406,0.80049,1.0383,1.2908,1.5511,1.8119,2.0661,2.3065,2.5266,2.7201,2.8818,3.0072,3.0928,3.1361,3.1361,3.0928,3.0072,2.8818,2.7201,2.5266,2.3065,2.0661,1.8119,1.5511,1.2908,1.0383,0.80049,0.58406,0.39498,0.23848,0.11891,0.039567,0.002665,0.0092211,0.059054,0.15078,0.28186,0.44867,0.64657,0.87008,1.113,1.3686,1.6299,1.8894,2.1402,2.3752
2.3752,2.1402,1.8894,1.6299,1.3686,1.113,0.87008,0.64657,0.44867,0.28186,0.15078,0.059054,0.0092211,0.002665,0.039567,0.11891,0.23848,0.39498,0.58406,0.80049,1.0383,1.2908,1.5511,1.8119,2.0661,2.3065,2.5266,2.7201,2.8818,3.0072,3.0928,3.1361,3.1361,3.0928,3.0072,2.8818,2.7201,2.5266,2.3065,2.0661,1.8119,1.5511,1.2908,1.0383,0.80049,0.58406,0.39498,0.23848,0.11891,0.039567,0.002665,0.0092211,0.059054,0.15078,0.28186,0.44867,0.64657,0.87008,1.113,1.3686,1.6299,1.8894,2.1402,2.3752
2.3752,2.1402,1.8894,1.6299,1.3686,1.113,0.87008,0.64657,0.44867,0.28186,0.15078,0.059054,0.0092211,0.002665,0.039567,0.11891,0.23848,0.39498,0.58406,0.80049,1.0383,1.2908,1.5511,1.8119,2.0661,2.3065,2.5266,2.7201,2.8818,3.0072,3.0928,3.1361,3.1361,3.0928,3.0072,2.8818,2.7201,2.5266,2.3065,2.0661,1.8119,1.5511,1.2908,1.0383,0.80049,0.58406,0.39498,0.23848,0.11891,0.039567,0.002665,0.0092211,0.059054,0.15078,0.28186,0.44867,0.64657,0.87008,1.113,1.3686,1.6299,1.8894,2.1402,2.3752
2.3752,2.1402,1.8894,1.6299,1.3686,1.113,0.87008,0.64657,0.44867,0.28186,0.15078,0.059054,0.0092211,0.002665,0.039567,0.11891,0.23848,0.39498,0.58406,0.80049,1.0383,1.2908,1.5511,1.8119,2.0661,2.3065,2.5266,2.7201,2.8818,3.0072,3.0928,3.1361,3.1361,3.0928,3.0072,2.8818,2.7201,2.5266,2.3065,2.0661,1.8119,1.5511,1.2908,1.0383,0.80049,0.58406,0.39498,0.23848,0.11891,0.039567,0.002665,0.0092211,0.059054,0.15078,0.28186,0.44867,0.64657,0.87008,1.113,1.3686,1.6299,1.8894,2.1402,2.3752
2.3752,2.1402,1.8894,1.6299,1.3686,1.113,0.87008,0.64657,0.44867,0.28186,0.15078,0.059054,0.0092211,0.002665,0.039567,0.11891,0.23848,0.39498,0.58406,0.80049,1.0383,1.2908,1.5511,1.8119,2.0661,2.3065,2.5266,2.7201,2.8818,3.0072,3.0928,3.1361,3.1361,3.0928,3.0072,2.8818,2.7201,2.5266,2.3065,2.0661,1.8119,1.5511,1.2908,1.0383,0.80049,0.58406,0.39498,0.23848,0.11891,0.039567,0.002665,0.0092211,0.059054,0.15078,0.28186,0.44867,0.64657,0.87008,1.113,1.3686,1.6299,1.8894,2.1402,2.3752
2.3752,2.1402,1.8894,1.6299,1.3686,1.113,0.87008,0.64657,0.44867,0.28186,0.15078,0.059054,0.0092211,0.002665,0.039567,0.11891,0.23848,0.39498,0.58406,0.80049,1.0383,1.2908,1.5511,1.8119,2.0661,2.3065,2.5266,2.7201,2.8818,3.0072,3.0928,3.1361,3.1361,3.0928,3.0072,2.8818,2.7201,2.5266,2.3065,2.0661,1.8119,1.5511,1.2908,1.0383,0.80049,0.58406,0.39498,0.23848,0.11891,0.039567,0.002665,0.0092211,0.059054,0.15078,0.28186,0.44867,0.64657,0.87008,1.113,1.3686,1.6299,1.8894,2.1402,2.3752
2.3752,2.1402,1.8894,1.6299,1.3686,1.113,0.87008,0.64657,0.44867,0.28186,0.15078,0.059054,0.0092211,0.002665,0.039567,0.11891,0.23848,0.39498,0.58406,0.80049,1.0383,1.2908,1.5511,1.8119,2.0661,2.3065,2.5266,2.7201,2.8818,3.0072,3.0928,3.1361,3.1361,3.0928,3.0072,2.8818,2.7201,2.5266,2.3065,2.0661,1.8119,1.5511,1.2908,1.0383,0.80049,0.58406,0.39498,0.23848,0.11891,0.039567,0.002665,0.0092211,0.059054,0.15078,0.28186,0.44867,0.64657,0.87008,1.113,1.3686,1.6299,1.8894,2.1402,2.3752
2.3752,2.1402,1.8894,1.6299,1.3686,1.113,0.87008,0.64657,0.44867,0.28186,0.15078,0.059054,0.0092211,0.002665,0.039567,0.11891,0.23848,0.39498,0.58406,0.80049,1.0383,1.2908,1.5511,1.8119,2.0661,2.3065,2.5266,2.7201,2.8818,3.0072,3.0928,3.1361,3.1361,3.0928,3.0072,2.8818,2.7201,2.5266,2.3065,2.0661,1.8119,1.5511,1.2908,1.0383,0.80049,0.58406,0.39498,0.23848,0.11891,0.039567,0.002665,0.0092211,0.059054,0.15078,0.28186,0.44867,0.64657,0.87008,1.113,1.3686,1.6299,1.8894,2.1402,2.3752
2.3752,2.1402,1.8894,1.6299,1.3686,1.113,0.87008,0.64657,0.44867,0.28186,0.15078,0.059054,0.0092211,0.002665,0.039567,0.11891,0.23848,0.39498,0.58406,0.80049,1.0383,1.2908,1.5511,1.8119,2.0661,2.3065,2.5266,2.7201,2.8818,3.0072,3.0928,3.1361,3.1361,3.0928,3.0072,2.8818,2.7201,2.5266,2.3065,2.0661,1.8119,1.5511,1.2908,1.0383,0.80049,0.58406,0.39498,0.23848,0.11891,0.039567,0.002665,0.0092211,0.059054,0.15078,0.28186,0.44867,0.64657,0.87008,1.113,1.3686,1.6299,1.8894,2.1402,2.3752
2.3752,2.1402,1.8894,1.6299,1.3686,1.113,0.87008,0.64657,0.44867,0.28186,0.15078,0.059054,0.0092211,0.002665,0.039567,0.11891,0.23848,0.39498,0.58406,0.80049,1.0383,1.2908,1.5511,1.8119,2.0661,2.3065,2.5266,2.7201,2.8818,3.0072,3.0928,3.1361,3.1361,3.0928,3.0072,2.8818,2.7201,2.5266,2.3065,2.0661,1.8119,1.5511,1.2908,1.0383,0.80049,0.58406,0.39498,0.23848,0.11891,0.039567,0.002665,0.0092211,0.059054,0.15078,0.28186,0.44867,0.64657,0.87008,1.113,1.3686,1.6299,1.8894,2.1402,2.3752
2.3752,2.1402,1.8894,1.6299,1.3686,1.113,0.87008,0.64657,0.44867,0.28186,0.15078,0.059054,0.0092211,0.002665,0.039567,0.11891,0.23848,0.39498,0.58406,0.80049,1.0383,1.2908,1.5511,1.8119,2.0661,2.3065,2.5266,2.7201,2.8818,3.0072,3.0928,3.1361,3.1361,3.0928,3.0072,2.8818,2.7201,2.5266,2.3065,2.0661,1.8119,1.5511,1.2908,1.0383,0.80049,0.58406,0.39498,0.23848,0.11891,0.039567,0.002665,0.0092211,0.059054,0.15078,0.28186,0.44867,0.64657,0.87008,1.113,1.3686,1.6299,1.8894,2.1402,2.3752
2.3752,2.1402,1.8894,1.6299,1.3686,1.113,0.87008,0.64657,0.44867,0.28186,0.15078,0.059054,0.0092211,0.002665,0.039567,0.11891,0.23848,0.39498,0.58406,0.80049,1.0383,1.2908,1.5511,1.8119,2.0661,2.3065,2.5266,2.7201,2.8818,3.0072,3.0928,3.1361,3.1361,3.0928,3.0072,2.8818,2.7201,2.5266,2.3065,2.0661,1.8119,1.5511,1.2908,1.0383,0.80049,0.58406,0.39498,0.23848,0.11891,0.039567,0.002665,0.0092211,0.059054,0.15078,0.28186,0.44867,0.64657,0.87008,1.113,1.3686,1.6299,1.8894,2.1402,2.3752
2.3752,2.1402,1.8894,1.6299,1.3686,1.113,0.87008,0.64657,0.44867,0.28186,0.15078,0.059054,0.0092211,0.002665,0.039567,0.11891,0.23848,0.39498,0.58406,0.80049,1.0383,1.2908,1.5511,1.8119,2.0661,2.3065,2.5266,2.7201,2.8818,3.0072,3.0928,3.1361,3.1361,3.0928,3.0072,2.8818,2.7201,2.5266,2.3065,2.0661,1.8119,1.5511,1.2908,1.0383,0.80049,0.58406,0.39498,0.23848,0.11891,0.039567,0.002665,0.0092211,0.059054,0.15078,0.28186,0.44867,0.64657,0.87008,1.113,1.3686,1.6299,1.8894,2.1402,2.3752
2.3752,2.1402,1.8894,1.6299,1.3686,1.113,0.87008,0.64657,0.44867,0.28186,0.15078,0.059054,0.0092211,0.002665,0.039567,0.11891,0.23848,0.39498,0.58406,0.80049,1.0383,1.2908,1.5511,1.8119,2.0661,2.3065,2.5266,2.7201,2.8818,3.0072,3.0928,3.1361,3.1361,3.0928,3.0072,2.8818,2.7201,2.5266,2.3065,2.0661,1.8119,1.5511,1.2908,1.0383,0.80049,0.58406,0.39498,0.23848,0.11891,0.039567,0.002665,0.0092211,0.059054,0.15078,0.28186,0.44867,0.64657,0.87008,1.113,1.3686,1.6299,1.8894,2.1402,2.3752
2.3752,2.1402,1.8894,1.6299,1.3686,1.113,0.87008,0.64657,0.44867,0.28186,0.15078,0.059054,0.0092211,0.002665,0.039567,0.11891,0.23848,0.39498,0.58406,0.80049,1.0383,1.2908,1.5511,1.8119,2.0661,2.3065,2.5266,2.7201,2.8818,3.0072,3.0928,3.1361,3.1361,3.0928,3.0072,2.8818,2.7201,2.5266,2.3065,2.0661,1.8119,1.5511,1.2908,1.0383,0.80049,0.58406,0.39498,0.23848,0.11891,0.039567,0.002665,0.0092211,0.059054,0.15078,0.28186,0.44867,0.64657,0.87008,1.113,1.3686,1.6299,1.8894,2.1402,2.3752
2.3752,2.1402,1.8894,1.6299,1.3686,1.113,0.87008,0.64657,0.44867,0.28186,0.15078,0.059054,0.0092211,0.002665,0.039567,0.11891,0.23848,0.39498,0.58406,0.80049,1.0383,1.2908,1.5511,1.8119,2.0661,2.3065,2.5266,2.7201,2.8818,3.0072,3.0928,3.1361,3.1361,3.0928,3.0072,2.8818,2.7201,2.5266,2.3065,2.0661,1.8119,1.5511,1.2908,1.0383,0.80049,0.58406,0.39498,0.23848,0.11891,0.039567,0.002665,0.0092211,0.059054,0.15078,0.28186,0.44867,0.64657,0.87008,1.113,1.3686,1.6299,1.8894,2.1402,2.3752
2.3752,2.1402,1.8894,1.6299,1.3686,1.113,0.87008,0.64657,0.44867,0.28186,0.15078,0.059054,0.0092211,0.002665,0.039567,0.11891,0.23848,0.39498,0.58406,0.80049,1.0383,1.2908,1.5511,1.8119,2.0661,2.3065,2.5266,2.7201,2.8818,3.0072,3.0928,3.1361,3.1361,3.0928,3.0072,2.8818,2.7201,2.5266,2.3065,2.0661,1.8119,1.5511,1.2908,1.0383,0.80049,0.58406,0.39498,0.23848,0.11891,0.039567,0.002665,0.0092211,0.059054,0.15078,0.28186,0.44867,0.64657,0.87008,1.113,1.3686,1.6299,1.8894,2.1402,2.3752
2.3752,2.1402,1.8894,1.6299,1.3686,1.113,0.87008,0.64657,0.44867,0.28186,0.15078,0.059054,0.0092211,0.002665,0.039567,0.11891,0.23848,0.39498,0.58406,0.80049,1.0383,1.2908,1.5511,1.8119,2.0661,2.3065,2.5266,2.7201,2.8818,3.0072,3.0928,3.1361,3.1361,3.0928,3.0072,2.8818,2.7201,2.5266,2.3065,2.0661,1.8119,1.5511,1.2908,1.0383,0.80049,0.58406,0.39498,0.23848,0.11891,0.039567,0.002665,0.0092211,0.059054,0.15078,0.28186,0.44867,0.64657,0.87008,1.113,1.3686,1.6299,1.8894,2.1402,2.3752
2.3752,2.1402,1.8894,1.6299,1.3686,1.113,0.87008,0.64657,0.44867,0.28186,0.15078,0.059054,0.0092211,0.002665,0.039567,0.11891,0.23848,0.39498,0.58406,0.80049,1.0383,1.2908,1.5511,1.8119,2.0661,2.3065,2.5266,2.7201,2.8818,3.0072,3.0928,3.1361,3.1361,3.0928,3.0072,2.8818,2.7201,2.5266,2.3065,2.0661,1.8119,1.5511,1.2908,1.0383,0.80049,0.58406,0.39498,0.23848,0.11891,0.039567,0.002665,0.0092211,0.059054,0.15078,0.28186,0.44867,0.64657,0.87008,1.113,1.3686,1.6299,1.8894,2.1402,2.3752
2.3752,2.1402,1.8894,1.6299,1.3686,1.113,0.87008,0.64657,0.44867,0.28186,0.15078,0.059054,0.0092211,0.002665,0.039567,0.11891,0.23848,0.39498,0.58406,0.80049,1.0383,1.2908,1.5511,1.8119,2.0661,2.3065,2.5266,2.7201,2.8818,3.0072,3.0928,3.1361,3.1361,3.0928,3.0072,2.8818,2.7201,2.5266,2.3065,2.0661,1.8119,1.5511,1.2908,1.0383,0.80049,0.58406,0.39498,0.23848,0.11891,0.039567,0.002665,0.0092211,0.059054,0.15078,0.28186,0.44867,0.64657,0.87008,1.113,1.3686,1.6299,1.8894,2.1402,2.3752
2.3752,2.1402,1.8894,1.6299,1.3686,1.113,0.87008,0.64657,0.44867,0.28186,0.15078,0.059054,0.0092211,0.002665,0.039567,0.11891,0.23848,0.39498,0.58406,0.80049,1.0383,1.2908,1.5511,1.8119,2.0661,2.3065,2.5266,2.7201,2.8818,3.0072,3.0928,3.1361,3.1361,3.0928,3.0072,2.8818,2.7201,2.5266,2.3065,2.0661,1.8119,1.5511,1.2908,1.0383,0.80049,0.58406,0.39498,0.23848,0.11891,0.039567,0.002665,0.0092211,0.059054,0.15078,0.28186,0.44867,0.64657,0.87008,1.113,1.3686,1.6299,1.8894,2.1402,2.3752
2.3752,2.1402,1.8894,1.6299,1.3686,1.113,0.87008,0.64657,0.44867,0.28186,0.15078,0.059054,0.0092211,0.002665,0.039567,0.11891,0.23848,0.39498,0.58406,0.80049,1.0383,1.2908,1.5511,1.8119,2.0661,2.3065,2.5266,2.7201,2.8818,3.0072,3.0928,3.1361,3.1361,3.0928,3.0072,2.8818,2.7201,2.5266,2.3065,2.0661,1.8119,1.5511,1.2908,1.0383,0.80049,0.58406,0.39498,0.23848,0.11891,0.039567,0.002665,0.0092211,0.059054,0.15078,0.28186,0.44867,0.64657,0.87008,1.113,1.3686,1.6299,1.8894,2.1402,2.3752
2.3752,2.1402,1.8894,1.6299,1.3686,1.113,0.87008,0.64657,0.44867,0.28186,0.15078,0.059054,0.0092211,0.002665,0.039567,0.11891,0.23848,0.39498,0.58406,0.80049,1.0383,1.2908,1.5511,1.8119,2.0661,2.3065,2.5266,2.7201,2.8818,3.0072,3.0928,3.1361,3.1361,3.0928,3.0072,2.8818,2.7201,2.5266,2.3065,2.0661,1.8119,1.5511,1.2908,1.0383,0.80049,0.58406,0.39498,0.23848,0.11891,0.039567,0.002665,0.0092211,0.059054,0.15078,0.28186,0.44867,0.64657,0.87008,1.113,1.3686,1.6299,1.8894,2.1402,2.3752
2.3752,2.1402,1.8894,1.6299,1.3686,1.113,0.87008,0.64657,0.44867,0.28186,0.15078,0.059054,0.0092211,0.002665,0.039567,0.11891,0.23848,0.39498,0.58406,0.80049,1.0383,1.2908,1.5511,1.8119,2.0661,2.3065,2.5266,2.7201,2.8818,3.0072,3.0928,3.1361,3.1361,3.0928,3.0072,2.8818,2.7201,2.5266,2.3065,2.0661,1.8119,1.5511,1.2908,1.0383,0.80049,0.58406,0.39498,0.23848,0.11891,0.039567,0.002665,0.0092211,0.059054,0.15078,0.28186,0.44867,0.64657,0.87008,1.113,1.3686,1.6299,1.8894,2.1402,2.3752
2.3752,2.1402,1.8894,1.6299,1.3686,1.113,0.87008,0.64657,0.44867,0.28186,0.15078,0.059054,0.0092211,0.002665,0.039567,0.11891,0.23848,0.39498,0.58406,0.80049,1.0383,1.2908,1.5511,1.8119,2.0661,2.3065,2.5266,2.7201,2.8818,3.0072,3.0928,3.1361,3.1361,3.0928,3.0072,2.8818,2.7201,2.5266,2.3065,2.0661,1.8119,1.5511,1.2908,1.0383,0.80049,0.58406,0.39498,0.23848,0.11891,0.039567,0.002665,0.0092211,0.059054,0.15078,0.28186,0.44867,0.64657,0.87008,1.113,1.3686,1.6299,1.8894,2.1402,2.3752
2.3752,2.1402,1.8894,1.6299,1.3686,1.113,0.87008,0.64657,0.44867,0.28186,0.15078,0.059054,0.0092211,0.002665,0.039567,0.11891,0.23848,0.39498,0.58406,0.80049,1.0383,1.2908,1.5511,1.8119,2.0661,2.3065,2.5266,2.7201,2.8818,3.0072,3.0928,3.1361,3.1361,3.0928,3.0072,2.8818,2.7201,2.5266,2.3065,2.0661,1.8119,1.5511,1.2908,1.0383,0.80049,0.58406,0.39498,0.23848,0.11891,0.039567,0.002665,0.0092211,0.059054,0.15078,0.28186,0.44867,0.64657,0.87008,1.113,1.3686,1.6299,1.8894,2.1402,2.3752
2.3752,2.1402,1.8894,1.6299,1.3686,1.113,0.87008,0.64657,0.44867,0.28186,0.15078,0.059054,0.0092211,0.002665,0.039567,0.11891,0.23848,0.39498,0.58406,0.80049,1.0383,1.2908,1.5511,1.8119,2.0661,2.3065,2.5266,2.7201,2.8818,3.0072,3.0928,3.1361,3.1361,3.0928,3.0072,2.8818,2.7201,2.5266,2.3065,2.0661,1.8119,1.5511,1.2908,1.0383,0.80049,0.58406,0.39498,0.23848,0.11891,0.039567,0.002665,0.0092211,0.059054,0.15078,0.28186,0.44867,0.64657,0.87008,1.113,1.3686,1.6299,1.8894,2.1402,2.3752
2.3752,2.1402,1.8894,1.6299,1.3686,1.113,0.87008,0.64657,0.44867,0.28186,0.15078,0.059054,0.0092211,0.002665,0.039567,0.11891,0.23848,0.39498,0.58406,0.80049,1.0383,1.2908,1.5511,1.8119,2.0661,2.3065,2.5266,2.7201,2.8818,3.0072,3.0928,3.1361,3.1361,3.0928,3.0072,2.8818,2.7201,2.5266,2.3065,2.0661,1.8119,1.5511,1.2908,1.0383,0.80049,0.58406,0.39498,0.23848,0.11891,0.039567,0.002665,0.0092211,0.059054,0.15078,0.28186,0.44867,0.64657,0.87008,1.113,1.3686,1.6299,1.8894,2.1402,2.3752
2.3752,2.1402,1.8894,1.6299,1.3686,1.113,0.87008,0.64657,0.44867,0.28186,0.15078,0.059054,0.0092211,0.002665,0.039567,0.11891,0.23848,0.39498,0.58406,0.80049,1.0383,1.2908,1.5511,1.8119,2.0661,2.3065,2.5266,2.7201,2.8818,3.0072,3.0928,3.1361,3.1361,3.0928,3.0072,2.8818,2.7201,2.5266,2.3065,2.0661,1.8119,1.5511,1.2908,1.0383,0.80049,0.58406,0.39498,0.23848,0.11891,0.039567,0.002665,0.0092211,0.059054,0.15078,0.28186,0.44867,0.64657,0.87008,1.113,1.3686,1.6299,1.8894,2.1402,2.3752
2.3752,2.1402,1.8894,1.6299,1.3686,1.113,0.87008,0.64657,0.44867,0.28186,0.15078,0.059054,0.0092211,0.002665,0.039567,0.11891,0.23848,0.39498,0.58406,0.80049,1.0383,1.2908,1.5511,1.8119,2.0661,2.3065,2.5266,2.7201,2.8818,3.0072,3.0928,3.1361,3.1361,3.0928,3.0072,2.8818,2.7201,2.5266,2.3065,2.0661,1.8119,1.5511,1.2908,1.0383,0.80049,0.58406,0.39498,0.23848,0.11891,0.039567,0.002665,0.0092211,0.059054,0.15078,0.28186,0.44867,0.64657,0.87008,1.113,1.3686,1.6299,1.8894,2.1402,2.3752
2.3752,2.1402,1.8894,1.6299,1.3686,1.113,0.87008,0.64657,0.44867,0.28186,0.15078,0.059054,0.0092211,0.002665,0.039567,0.11891,0.23848,0.39498,0.58406,0.80049,1.0383,1.2908,1.5511,1.8119,2.0661,2.3065,2.5266,2.7201,2.8818,3.0072,3.0928,3.1361,3.1361,3.0928,3.0072,2.8818,2.7201,2.5266,2.3065,2.0661,1.8119,1.5511,1.2908,1.0383,0.80049,0.58406,0.39498,0.23848,0.11891,0.039567,0.002665,0.0092211,0.059054,0.15078,0.28186,0.44867,0.64657,0.87008,1.113,1.3686,1.6299,1.8894,2.1402,2.3752
2.3752,2.1402,1.8894,1.6299,1.3686,1.113,0.87008,0.64657,0.44867,0.28186,0.15078,0.059054,0.0092211,0.002665,0.039567,0.11891,0.23848,0.39498,0.58406,0.80049,1.0383,1.2908,1.5511,1.8119,2.0661,2.3065,2.5266,2.7201,2.8818,3.0072,3.0928,3.1361,3.1361,3.0928,3.0072,2.8818,2.7201,2.5266,2.3065,2.0661,1.8119,1.5511,1.2908,1.0383,0.80049,0.58406,0.39498,0.23848,0.11891,0.039567,0.002665,0.0092211,0.059054,0.15078,0.28186,0.44867,0.64657,0.87008,1.113,1.3686,1.6299,1.8894,2.1402,2.3752
2.3752,2.1402,1.8894,1.6299,1.3686,1.113,0.87008,0.64657,0.44867,0.28186,0.15078,0.059054,0.0092211,0.002665,0.039567,0.11891,0.23848,0.39498,0.58406,0.80049,1.0383,1.2908,1.5511,1.8119,2.0661,2.3065,2.5266,2.7201,2.8818,3.0072,3.0928,3.1361,3.1361,3.0928,3.0072,2.8818,2.7201,2.5266,2.3065,2.0661,1.8119,1.5511,1.2908,1.0383,0.80049,0.58406,0.39498,0.23848,0.11891,0.039567,0.002665,0.0092211,0.059054,0.15078,0.28186,0.44867,0.64657,0.87008,1.113,1.3686,1.6299,1.8894,2.1402,2.3752
2.3752,2.1402,1.8894,1.6299,1.3686,1.113,0.87008,0.64657,0.44867,0.28186,0.15078,0.059054,0.0092211,0.002665,0.039567,0.11891,0.23848,0.39498,0.58406,0.80049,1.0383,1.2908,1.5511,1.8119,2.0661,2.3065,2.5266,2.7201,2.8818,3.0072,3.0928,3.1361,3.1361,3.0928,3.0072,2.8818,2.7201,2.5266,2.3065,2.0661,1.8119,1.5511,1.2908,1.0383,0.80049,0.58406,0.39498,0.23848,0.11891,0.039567,0.002665,0.0092211,0.059054,0.15078,0.28186,0.44867,0.64657,0.87008,1.113,1.3686,1.6299,1.8894,2.1402,2.3752
2.3752,2.1402,1.8894,1.6299,1.3686,1.113,0.87008,0.64657,0.44867,0.28186,0.15078,0.059054,0.0092211,0.002665,0.039567,0.11891,0.23848,0.39498,0.58406,0.80049,1.0383,1.2908,1.5511,1.8119,2.0661,2.3065,2.5266,2.7201,2.8818,3.0072,3.0928,3.1361,3.1361,3.0928,3.0072,2.8818,2.7201,2.5266,2.3065,2.0661,1.8119,1.5511,1.2908,1.0383,0.80049,0.58406,0.39498,0.23848,0.11891,0.039567,0.002665,0.0092211,0.059054,0.15078,0.28186,0.44867,0.64657,0.87008,1.113,1.3686,1.6299,1.8894,2.1402,2.3752
2.3752,2.1402,1.8894,1.6299,1.3686,1.113,0.87008,0.64657,0.44867,0.28186,0.15078,0.059054,0.0092211,0.002665,0.039567,0.11891,0.23848,0.39498,0.58406,0.80049,1.0383,1.2908,1.5511,1.8119,2.0661,2.3065,2.5266,2.7201,2.8818,3.0072,3.0928,3.1361,3.1361,3.0928,3.0072,2.8818,2.7201,2.5266,2.3065,2.0661,1.8119,1.5511,1.2908,1.0383,0.80049,0.58406,0.39498,0.23848,0.11891,0.039567,0.002665,0.0092211,0.059054,0.15078,0.28186,0.44867,0.64657,0.87008,1.113,1.3686,1.6299,1.8894,2.1402,2.3752
2.3752,2.1402,1.8894,1.6299,1.3686,1.113,0.87008,0.64657,0.44867,0.28186,0.15078,0.059054,0.0092211,0.002665,0.039567,0.11891,0.23848,0.39498,0.58406,0.80049,1.0383,1.2908,1.5511,1.8119,2.0661,2.3065,2.5266,2.7201,2.8818,3.0072,3.0928,3.1361,3.1361,3.0928,3.0072,2.8818,2.7201,2.5266,2.3065,2.0661,1.8119,1.5511,1.2908,1.0383,0.80049,0.58406,0.39498,0.23848,0.11891,0.039567,0.002665,0.0092211,0.059054,0.15078,0.28186,0.44867,0.64657,0.87008,1.113,1.3686,1.6299,1.8894,2.1402,2.3752
2.3752,2.1402,1.8894,1.6299,1.3686,1.113,0.87008,0.64657,0.44867,0.28186,0.15078,0.059054,0.0092211,0.002665,0.039567,0.11891,0.23848,0.39498,0.58406,0.80049,1.0383,1.2908,1.5511,1.8119,2.0661,2.3065,2.5266,2.7201,2.8818,3.0072,3.0928,3.1361,3.1361,3.0928,3.0072,2.8818,2.7201,2.5266,2.3065,2.0661,1.8119,1.5511,1.2908,1.0383,0.80049,0.58406,0.39498,0.23848,0.11891,0.039567,0.002665,0.0092211,0.059054,0.15078,0.28186,0.44867,0.64657,0.87008,1.113,1.3686,1.6299,1.8894,2.1402,2.3752
2.3752,2.1402,1.8894,1.6299,1.3686,1.113,0.87008,0.64657,0.44867,0.28186,0.15078,0.059054,0.0092211,0.002665,0.039567,0.11891,0.23848,0.39498,0.58406,0.80049,1.0383,1.2908,1.5511,1.8119,2.0661,2.3065,2.5266,2.7201,2.8818,3.0072,3.0928,3.1361,3.1361,3.0928,3.0072,2.8818,2.7201,2.5266,2.3065,2.0661,1.8119,1.5511,1.2908,1.0383,0.80049,0.58406,0.39498,0.23848,0.11891,0.039567,0.002665,0.0092211,0.059054,0.15078,0.28186,0.44867,0.64657,0.87008,1.113,1.3686,1.6299,1.8894,2.1402,2.3752
2.3752,2.1402,1.8894,1.6299,1.3686,1.113,0.87008,0.64657,0.44867,0.28186,0.15078,0.059054,0.0092211,0.002665,0.039567,0.11891,0.23848,0.39498,0.58406,0.80049,1.0383,1.2908,1.5511,1.8119,2.0661,2.3065,2.5266,2.7201,2.8818,3.0072,3.0928,3.1361,3.1361,3.0928,3.0072,2.8818,2.7201,2.5266,2.3065,2.0661,1.8119,1.5511,1.2908,1.0383,0.80049,0.58406,0.39498,0.23848,0.11891,0.039567,0.002665,0.0092211,0.059054,0.15078,0.28186,0.44867,0.64657,0.87008,1.113,1.3686,1.6299,1.8894,2.1402,2.3752
2.3752,2.1402,1.8894,1.6299,1.3686,1.113,0.87008,0.64657,0.44867,0.28186,0.15078,0.059054,0.0092211,0.002665,0.039567,0.11891,0.23848,0.39498,0.58406,0.80049,1.0383,1.2908,1.5511,1.8119,2.0661,2.3065,2.5266,2.7201,2.8818,3.0072,3.0928,3.1361,3.1361,3.0928,3.0072,2.8818,2.7201,2.5266,2.3065,2.0661,1.8119,1.5511,1.2908,1.0383,0.80049,0.58406,0.39498,0.23848,0.11891,0.039567,0.002665,0.0092211,0.059054,0.15078,0.28186,0.44867,0.64657,0.87008,1.113,1.3686,1.6299,1.8894,2.1402,2.3752
2.3752,2.1402,1.8894,1.6299,1.3686,1.113,0.87008,0.64657,0.44867,0.28186,0.15078,0.059054,0.0092211,0.002665,0.039567,0.11891,0.23848,0.39498,0.58406,0.80049,1.0383,1.2908,1.5511,1.8119,2.0661,2.3065,2.5266,2.7201,2.8818,3.0072,3.0928,3.1361,3.1361,3.0928,3.0072,2.8818,2.7201,2.5266,2.3065,2.0661,1.8119,1.5511,1.2908,1.0383,0.80049,0.58406,0.39498,0.23848,0.11891,0.039567,0.002665,0.0092211,0.059054,0.15078,0.28186,0.44867,0.64657,0.87008,1.113,1.3686,1.6299,1.8894,2.1402,2.3752
2.3752,2.1402,1.8894,1.6299,1.3686,1.113,0.87008,0.64657,0.44867,0.28186,0.15078,0.059054,0.0092211,0.002665,0.039567,0.11891,0.23848,0.39498,0.58406,0.80049,1.0383,1.2908,1.5511,1.8119,2.0661,2.3065,2.5266,2.7201,2.8818,3.0072,3.0928,3.1361,3.1361,3.0928,3.0072,2.8818,2.7201,2.5266,2.3065,2.0661,1.8119,1.5511,1.2908,1.0383,0.80049,0.58406,0.39498,0.23848,0.11891,0.039567,0.002665,0.0092211,0.059054,0.15078,0.28186,0.44867,0.64657,0.87008,1.113,1.3686,1.6299,1.8894,2.1402,2.3752
2.3752,2.1402,1.8894,1.6299,1.3686,1.113,0.87008,0.64657,0.44867,0.28186,0.15078,0.059054,0.0092211,0.002665,0.039567,0.11891,0.23848,0.39498,0.58406,0.80049,1.0383,1.2908,1.5511,1.8119,2.0661,2.3065,2.5266,2.7201,2.8818,3.0072,3.0928,3.1361,3.1361,3.0928,3.0072,2.8818,2.7201,2.5266,2.3065,2.0661,1.8119,1.5511,1.2908,1.0383,0.80049,0.58406,0.39498,0.23848,0.11891,0.039567,0.002665,0.0092211,0.059054,0.15078,0.28186,0.44867,0.64657,0.87008,1.113,1.3686,1.6299,1.8894,2.1402,2.3752
2.3752,2.1402,1.8894,1.6299,1.3686,1.113,0.87008,0.64657,0.44867,0.28186,0.15078,0.059054,0.0092211,0.002665,0.039567,0.11891,0.23848,0.39498,0.58406,0.80049,1.0383,1.2908,1.5511,1.8119,2.0661,2.3065,2.5266,2.7201,2.8818,3.0072,3.0928,3.1361,3.1361,3.0928,3.0072,2.8818,2.7201,2.5266,2.3065,2.0661,1.8119,1.5511,1.2908,1.0383,0.80049,0.58406,0.39498,0.23848,0.11891,0.039567,0.002665,0.0092211,0.059054,0.15078,0.28186,0.44867,0.64657,0.87008,1.113,1.3686,1.6299,1.8894,2.1402,2.3752
2.3752,2.1402,1.8894,1.6299,1.3686,1.113,0.87008,0.64657,0.44867,0.28186,0.15078,0.059054,0.0092211,0.002665,0.039567,0.11891,0.23848,0.39498,0.58406,0.80049,1.0383,1.2908,1.5511,1.8119,2.0661,2.3065,2.5266,2.7201,2.8818,3.0072,3.0928,3.1361,3.1361,3.0928,3.0072,2.8818,2.7201,2.5266,2.3065,2.0661,1.8119,1.5511,1.2908,1.0383,0.80049,0.58406,0.39498,0.23848,0.11891,0.039567,0.002665,0.0092211,0.059054,0.15078,0.28186,0.44867,0.64657,0.87008,1.113,1.3686,1.6299,1.8894,2.1402,2.3752
2.3752,2.1402,1.8894,1.6299,1.3686,1.113,0.87008,0.64657,0.44867,0.28186,0.15078,0.059054,0.0092211,0.002665,0.039567,0.11891,0.23848,0.39498,0.58406,0.80049,1.0383,1.2908,1.5511,1.8119,2.0661,2.3065,2.5266,2.7201,2.8818,3.0072,3.0928,3.1361,3.1361,3.0928,3.0072,2.8818,2.7201,2.5266,2.3065,2.0661,1.8119,1.5511,1.2908,1.0383,0.80049,0.58406,0.39498,0.23848,0.11891,0.039567,0.002665,0.0092211,0.059054,0.15078,0.28186,0.44867,0.64657,0.87008,1.113,1.3686,1.6299,1.8894,2.1402,2.3752
2.3752,2.1402,1.8894,1.6299,1.3686,1.113,0.87008,0.64657,0.44867,0.28186,0.15078,0.059054,0.0092211,0.002665,0.039567,0.11891,0.23848,0.39498,0.58406,0.80049,1.0383,1.2908,1.5511,1.8119,2.0661,2.3065,2.5266,2.7201,2.8818,3.0072,3.0928,3.1361,3.1361,3.0928,3.0072,2.8818,2.7201,2.5266,2.3065,2.0661,1.8119,1.5511,1.2908,1.0383,0.80049,0.58406,0.39498,0.23848,0.11891,0.039567,0.002665,0.0092211,0.059054,0.15078,0.28186,0.44867,0.64657,0.87008,1.113,1.3686,1.6299,1.8894,2.1402,2.3752
2.3752,2.1402,1.8894,1.6299,1.3686,1.113,0.87008,0.64657,0.44867,0.28186,0.15078,0.059054,0.0092211,0.002665,0.039567,0.11891,0.23848,0.39498,0.58406,0.80049,1.0383,1.2908,1.5511,1.8119,2.0661,2.3065,2.5266,2.7201,2.8818,3.0072,3.0928,3.1361,3.1361,3.0928,3.0072,2.8818,2.7201,2.5266,2.3065,2.0661,1.8119,1.5511,1.2908,1.0383,0.80049,0.58406,0.39498,0.23848,0.11891,0.039567,0.002665,0.0092211,0.059054,0.15078,0.28186,0.44867,0.64657,0.87008,1.113,1.3686,1.6299,1.8894,2.1402,2.3752
2.3752,2.1402,1.8894,1.6299,1.3686,1.113,0.87008,0.64657,0.44867,0.28186,0.15078,0.059054,0.0092211,0.002665,0.039567,0.11891,0.23848,0.39498,0.58406,0.80049,1.0383,1.2908,1.5511,1.8119,2.0661,2.3065,2.5266,2.7201,2.8818,3.0072,3.0928,3.1361,3.1361,3.0928,3.0072,2.8818,2.7201,2.5266,2.3065,2.0661,1.8119,1.5511,1.2908,1.0383,0.80049,0.58406,0.39498,0.23848,0.11891,0.039567,0.002665,0.0092211,0.059054,0.15078,0.28186,0.44867,0.64657,0.87008,1.113,1.3686,1.6299,1.8894,2.1402,2.3752
2.3752,2.1402,1.8894,1.6299,1.3686,1.113,0.87008,0.64657,0.44867,0.28186,0.15078,0.059054,0.0092211,0.002665,0.039567,0.11891,0.23848,0.39498,0.58406,0.80049,1.0383,1.2908,1.5511,1.8119,2.0661,2.3065,2.5266,2.7201,2.8818,3.0072,3.0928,3.1361,3.1361,3.0928,3.0072,2.8818,2.7201,2.5266,2.3065,2.0661,1.8119,1.5511,1.2908,1.0383,0.80049,0.58406,0.39498,0.23848,0.11891,0.039567,0.002665,0.0092211,0.059054,0.15078,0.28186,0.44867,0.64657,0.87008,1.113,1.3686,1.6299,1.8894,2.1402,2.3752
2.3752,2.1402,1.8894,1.6299,1.3686,1.113,0.87008,0.64657,0.44867,0.28186,0.15078,0.059054,0.0092211,0.002665,0.039567,0.11891,0.23848,0.39498,0.58406,0.80049,1.0383,1.2908,1.5511,1.8119,2.0661,2.3065,2.5266,2.7201,2.8818,3.0072,3.0928,3.1361,3.1361,3.0928,3.0072,2.8818,2.7201,2.5266,2.3065,2.0661,1.8119,1.5511,1.2908,1.0383,0.80049,0.58406,0.39498,0.23848,0.11891,0.039567,0.002665,0.0092211,0.059054,0.15078,0.28186,0.44867,0.64657,0.87008,1.113,1.3686,1.6299,1.8894,2.1402,2.3752
2.3752,2.1402,1.8894,1.6299,1.3686,1.113,0.87008,0.64657,0.44867,0.28186,0.15078,0.059054,0.0092211,0.002665,0.039567,0.11891,0.23848,0.39498,0.58406,0.80049,1.0383,1.2908,1.5511,1.8119,2.0661,2.3065,2.5266,2.7201,2.8818,3.0072,3.0928,3.1361,3.1361,3.0928,3.0072,2.8818,2.7201,2.5266,2.3065,2.0661,1.8119,1.5511,1.2908,1.0383,0.80049,0.58406,0.39498,0.23848,0.11891,0.039567,0.002665,0.0092211,0.059054,0.15078,0.28186,0.44867,0.64657,0.87008,1.113,1.3686,1.6299,1.8894,2.1402,2.3752
2.3752,2.1402,1.8894,1.6299,1.3686,1.113,0.87008,0.64657,0.44867,0.28186,0.15078,0.059054,0.0092211,0.002665,0.039567,0.11891,0.23848,0.39498,0.58406,0.80049,1.0383,1.2908,1.5511,1.8119,2.0661,2.3065,2.5266,2.7201,2.8818,3.0072,3.0928,3.1361,3.1361,3.0928,3.0072,2.8818,2.7201,2.5266,2.3065,2.0661,1.8119,1.5511,1.2908,1.0383,0.80049,0.58406,0.39498,0.23848,0.11891,0.039567,0.002665,0.0092211,0.059054,0.15078,0.28186,0.44867,0.64657,0.87008,1.113,1.3686,1.6299,1.8894,2.1402,2.3752
2.3752,2.1402,1.8894,1.6299,1.3686,1.113,0.87008,0.64657,0.44867,0.28186,0.15078,0.059054,0.0092211,0.002665,0.039567,0.11891,0.23848,0.39498,0.58406,0.80049,1.0383,1.2908,1.5511,1.8119,2.0661,2.3065,2.5266,2.7201,2.8818,3.0072,3.0928,3.1361,3.1361,3.0928,3.0072,2.8818,2.7201,2.5266,2.3065,2.0661,1.8119,1.5511,1.2908,1.0383,0.80049,0.58406,0.39498,0.23848,0.11891,0.039567,0.002665,0.0092211,0.059054,0.15078,0.28186,0.44867,0.64657,0.87008,1.113,1.3686,1.6299,1.8894,2.1402,2.3752
2.3752,2.1402,1.8894,1.6299,1.3686,1.113,0.87008,0.64657,0.44867,0.28186,0.15078,0.059054,0.0092211,0.002665,0.039567,0.11891,0.23848,0.39498,0.58406,0.80049,1.0383,1.2908,1.5511,1.8119,2.0661,2.3065,2.5266,2.7201,2.8818,3.0072,3.0928,3.1361,3.1361,3.0928,3.0072,2.8818,2.7201,2.5266,2.3065,2.0661,1.8119,1.5511,1.2908,1.0383,0.80049,0.58406,0.39498,0.23848,0.11891,0.039567,0.002665,0.0092211,0.059054,0.15078,0.28186,0.44867,0.64657,0.87008,1.113,1.3686,1.6299,1.8894,2.1402,2.3752
