1.4321,1.3856,1.3372,1.3177,1.31,1.3156,1.3353,1.3687,1.4113,1.4526,1.4796,1.4838,1.4661,1.4353,1.4017,1.3698,1.3347,1.2852,1.2108,1.1136,1.0263,1.0057,1.0688,1.1719,1.2755,1.3723,1.4697,1.5696,1.6522,1.6854,1.6631,1.6091,1.5434,1.472,1.3996,1.3371,1.2966,1.2818,1.2877,1.3066,1.3321,1.3592,1.3834,1.4012,1.4108,1.4124,1.407,1.3961,1.381,1.3638,1.3473,1.3347,1.3282,1.328,1.3321,1.3378,1.343,1.3477,1.3539,1.3646,1.3811,1.4003,1.452,1.4849
1.4369,1.373,1.314,1.3027,1.3013,1.3097,1.3284,1.3576,1.3949,1.4327,1.4598,1.467,1.4543,1.4292,1.4001,1.3669,1.3189,1.2396,1.1166,0.96035,0.83492,0.83799,0.96774,1.1348,1.2911,1.4372,1.5868,1.735,1.8339,1.8292,1.7414,1.6306,1.5245,1.4238,1.3298,1.2557,1.2182,1.2193,1.2455,1.2812,1.3154,1.3419,1.3582,1.3646,1.3643,1.3611,1.3573,1.3525,1.345,1.3347,1.3241,1.3176,1.3193,1.3302,1.3479,1.368,1.3856,1.3979,1.4043,1.4064,1.406,1.4034,1.4533,1.4984
1.4698,1.375,1.2876,1.2802,1.2843,1.296,1.3133,1.3357,1.3618,1.3878,1.4069,1.4133,1.4069,1.3922,1.3713,1.3373,1.2741,1.1637,0.99986,0.81365,0.7056,0.77466,0.95746,1.1531,1.3325,1.5089,1.7012,1.8963,2.0107,1.9622,1.8084,1.6425,1.4908,1.3445,1.2011,1.0853,1.0373,1.0667,1.1398,1.2177,1.2791,1.3165,1.331,1.329,1.3199,1.3118,1.3084,1.3081,1.3072,1.3039,1.3,1.2999,1.3083,1.3264,1.3522,1.3812,1.4083,1.4295,1.4429,1.4482,1.4455,1.4346,1.4796,1.532
1.5174,1.4144,1.301,1.2765,1.2733,1.283,1.2981,1.3142,1.3289,1.3395,1.3436,1.3405,1.3323,1.3212,1.3049,1.274,1.2147,1.1186,0.99696,0.89474,0.87729,0.96067,1.094,1.232,1.3653,1.5071,1.6718,1.8415,1.9344,1.8828,1.7416,1.5869,1.4356,1.2726,1.0881,0.90996,0.81673,0.8628,0.99358,1.1302,1.2351,1.2996,1.3282,1.3319,1.3233,1.3132,1.3066,1.3038,1.3023,1.3005,1.2988,1.2994,1.3045,1.3145,1.3286,1.3453,1.3635,1.3826,1.4023,1.4218,1.4393,1.4515,1.4951,1.5394
1.5338,1.4547,1.3471,1.3033,1.2843,1.2852,1.2946,1.3042,1.3092,1.3075,1.2984,1.2841,1.2686,1.2549,1.2409,1.2186,1.1792,1.1222,1.0635,1.0331,1.0536,1.1182,1.2018,1.2868,1.3724,1.4686,1.5847,1.7042,1.7668,1.7292,1.6271,1.5071,1.3766,1.2181,1.0131,0.77628,0.60657,0.64998,0.84416,1.0458,1.1993,1.2958,1.3426,1.3537,1.3455,1.3317,1.3203,1.314,1.3116,1.3111,1.3109,1.3101,1.3081,1.3045,1.2995,1.2949,1.2943,1.3018,1.3203,1.3489,1.3836,1.4184,1.4636,1.4982
1.5154,1.4762,1.4075,1.3564,1.3203,1.3064,1.3064,1.3092,1.3082,1.3001,1.2846,1.2643,1.2439,1.2279,1.2168,1.2061,1.1909,1.1718,1.1578,1.1609,1.1858,1.2261,1.2707,1.3131,1.354,1.4002,1.4604,1.5302,1.5764,1.5666,1.5106,1.431,1.3311,1.1958,1.0062,0.76757,0.56535,0.58053,0.78738,1.0141,1.1918,1.3072,1.3654,1.3795,1.3673,1.346,1.3276,1.3179,1.3168,1.321,1.3255,1.3253,1.3164,1.2968,1.2675,1.2338,1.2046,1.1916,1.2033,1.2397,1.2925,1.3502,1.4035,1.4323
1.4755,1.4705,1.4485,1.4057,1.3601,1.3314,1.3208,1.3188,1.3165,1.3091,1.2954,1.2772,1.259,1.2454,1.2388,1.2376,1.2388,1.2413,1.2474,1.2598,1.2776,1.2962,1.3099,1.3152,1.3122,1.3068,1.3145,1.3522,1.4048,1.4314,1.4178,1.3742,1.3054,1.2035,1.0572,0.87559,0.72736,0.72736,0.87429,1.0595,1.2164,1.3233,1.3779,1.3878,1.3685,1.3386,1.3139,1.3036,1.3085,1.3227,1.337,1.3414,1.328,1.2928,1.2368,1.1676,1.0998,1.0552,1.0535,1.0985,1.1744,1.2598,1.3317,1.3636
1.4295,1.4443,1.4531,1.4208,1.3719,1.332,1.314,1.3123,1.3162,1.3179,1.3147,1.3068,1.2976,1.2909,1.2898,1.2945,1.3031,1.3141,1.3262,1.3378,1.3454,1.344,1.3287,1.2965,1.2473,1.1906,1.1581,1.1901,1.2708,1.3354,1.3551,1.3389,1.2967,1.2286,1.1322,1.0198,0.93721,0.94034,1.0276,1.1463,1.2536,1.3294,1.3669,1.368,1.3431,1.309,1.2829,1.276,1.2899,1.3164,1.3421,1.3533,1.3389,1.2931,1.216,1.1148,1.0065,0.92169,0.89698,0.94673,1.0474,1.1626,1.2619,1.3052
1.3901,1.4114,1.4288,1.3977,1.3417,1.2895,1.2651,1.2696,1.2891,1.3107,1.3278,1.3387,1.345,1.3495,1.3553,1.364,1.3755,1.3887,1.4012,1.4086,1.404,1.3806,1.333,1.2589,1.161,1.0589,1.0072,1.0619,1.1821,1.2776,1.3188,1.3202,1.2978,1.2581,1.2046,1.1485,1.1143,1.1233,1.17,1.2304,1.285,1.3234,1.3402,1.3339,1.3097,1.2795,1.2585,1.2573,1.2774,1.3099,1.3408,1.3555,1.3427,1.2959,1.2144,1.1031,0.97672,0.86556,0.81471,0.85316,0.96011,1.0903,1.2118,1.2676
1.3671,1.3858,1.3961,1.3557,1.284,1.2115,1.174,1.1838,1.2253,1.2771,1.3252,1.3642,1.393,1.4137,1.4291,1.4423,1.4558,1.4698,1.4812,1.4825,1.463,1.4131,1.3283,1.2101,1.0685,0.93692,0.89201,0.98622,1.1396,1.2513,1.3013,1.3116,1.3023,1.2838,1.2624,1.2465,1.2451,1.2593,1.2797,1.2971,1.3089,1.3157,1.3165,1.3085,1.2919,1.2726,1.2603,1.2632,1.2819,1.3097,1.3354,1.3473,1.3367,1.2984,1.2313,1.1389,1.0319,0.93304,0.87685,0.89117,0.97031,1.0815,1.2005,1.2595
1.3655,1.3775,1.3738,1.3193,1.2274,1.1283,1.0677,1.0737,1.1348,1.2201,1.3054,1.3786,1.4352,1.4754,1.5026,1.5218,1.5383,1.5541,1.5653,1.5607,1.5249,1.4475,1.3281,1.1759,1.0099,0.87407,0.85146,0.97272,1.1356,1.246,1.2945,1.3073,1.3059,1.3019,1.3026,1.3134,1.3339,1.3537,1.3596,1.3493,1.3318,1.3171,1.3088,1.3038,1.2977,1.29,1.2849,1.287,1.2976,1.3133,1.3277,1.3339,1.3262,1.3012,1.2578,1.1983,1.1291,1.0643,1.0233,1.0231,1.0663,1.1392,1.2308,1.2803
1.3828,1.3887,1.3717,1.3046,1.1963,1.0757,0.99257,0.98752,1.0573,1.1661,1.2805,1.3815,1.4605,1.5159,1.5517,1.5757,1.5958,1.6159,1.6306,1.6247,1.58,1.4872,1.3526,1.1931,1.0326,0.91294,0.90044,1.0107,1.1537,1.2489,1.2903,1.3031,1.3068,1.3123,1.3263,1.3523,1.3858,1.4111,1.4124,1.3895,1.357,1.3311,1.3191,1.318,1.3202,1.3202,1.3172,1.3141,1.3133,1.3155,1.3191,1.321,1.3181,1.3075,1.2877,1.2585,1.223,1.1881,1.1639,1.1601,1.1809,1.223,1.2824,1.3173
1.4101,1.4118,1.3855,1.3124,1.1997,1.0765,0.99037,0.98062,1.0468,1.1557,1.2734,1.3777,1.4577,1.5114,1.5444,1.567,1.5895,1.616,1.6393,1.6421,1.6056,1.5227,1.4036,1.2673,1.135,1.0347,1.0074,1.0709,1.1718,1.2455,1.281,1.2957,1.3047,1.3164,1.3364,1.3671,1.4038,1.4315,1.4345,1.4118,1.3779,1.3504,1.3385,1.3401,1.3465,1.3491,1.3443,1.334,1.3226,1.3143,1.311,1.3125,1.3164,1.3195,1.3187,1.3115,1.2979,1.2808,1.2664,1.2613,1.2703,1.2943,1.3308,1.3544
1.4353,1.431,1.3967,1.3273,1.2266,1.1247,1.0603,1.0581,1.1129,1.1997,1.2923,1.3719,1.4288,1.4625,1.4808,1.496,1.5184,1.5501,1.5826,1.5996,1.5846,1.532,1.4506,1.3554,1.2596,1.1748,1.1201,1.119,1.1657,1.2205,1.259,1.2826,1.2995,1.316,1.3363,1.3628,1.3925,1.4159,1.4215,1.4068,1.3817,1.3603,1.3515,1.355,1.3628,1.3657,1.3586,1.3431,1.3251,1.3112,1.3058,1.3098,1.321,1.3351,1.3475,1.3538,1.3519,1.3426,1.3306,1.3221,1.3227,1.3355,1.3607,1.3807
1.4437,1.4234,1.3763,1.3219,1.2503,1.1869,1.1551,1.1635,1.2043,1.2616,1.3189,1.3638,1.3897,1.3988,1.4004,1.4068,1.4257,1.4568,1.4916,1.5172,1.5223,1.5028,1.4631,1.4108,1.3499,1.2786,1.1974,1.1286,1.1153,1.1599,1.2175,1.2615,1.2912,1.3123,1.3298,1.3463,1.3618,1.3738,1.3781,1.3723,1.3599,1.3487,1.3456,1.3515,1.3607,1.3646,1.3582,1.3426,1.3241,1.31,1.3055,1.3119,1.3271,1.3467,1.3658,1.379,1.3824,1.3754,1.3614,1.3466,1.3375,1.339,1.363,1.3887
1.4182,1.3694,1.3062,1.2801,1.2503,1.2301,1.2277,1.2435,1.2722,1.3055,1.3347,1.3524,1.3556,1.3479,1.3384,1.3371,1.3486,1.3708,1.397,1.4204,1.4364,1.4425,1.4373,1.4199,1.3864,1.3265,1.226,1.095,1.0147,1.0563,1.1534,1.2321,1.2803,1.3074,1.3212,1.3264,1.326,1.3238,1.3224,1.3216,1.3197,1.318,1.3205,1.3292,1.3406,1.3479,1.3462,1.3362,1.323,1.3128,1.3097,1.315,1.3274,1.3449,1.3641,1.3798,1.3865,1.3805,1.363,1.3391,1.3159,1.3003,1.3308,1.3727
1.3586,1.2854,1.2189,1.2278,1.2377,1.2508,1.2676,1.2872,1.3076,1.3259,1.3385,1.3419,1.3354,1.3222,1.3092,1.3023,1.3027,1.3078,1.3148,1.3255,1.3434,1.3674,1.3888,1.3969,1.3822,1.3315,1.222,1.0441,0.88759,0.91954,1.0722,1.1981,1.2698,1.3039,1.3152,1.3116,1.2993,1.286,1.2787,1.2788,1.2819,1.2847,1.289,1.2979,1.3103,1.3214,1.3271,1.3267,1.3229,1.3189,1.3164,1.3162,1.3195,1.3284,1.3432,1.3602,1.3716,1.3695,1.3503,1.3164,1.2748,1.2354,1.2759,1.3398
1.3052,1.2358,1.186,1.2137,1.2419,1.2688,1.2925,1.3118,1.3262,1.3358,1.3406,1.3404,1.3355,1.3273,1.3179,1.308,1.2955,1.278,1.2579,1.2464,1.258,1.2937,1.3357,1.3625,1.361,1.3195,1.2143,1.0196,0.79829,0.79339,0.99483,1.1692,1.2645,1.3057,1.3157,1.3074,1.2899,1.273,1.2644,1.2651,1.2688,1.27,1.2695,1.2723,1.2807,1.2929,1.3053,1.3158,1.3233,1.3268,1.325,1.3182,1.3107,1.3099,1.3209,1.342,1.3635,1.3725,1.3594,1.3223,1.2679,1.2102,1.2523,1.3236
1.2953,1.2512,1.2233,1.247,1.2737,1.3002,1.3229,1.339,1.348,1.3517,1.3535,1.3563,1.3604,1.3635,1.362,1.3517,1.3282,1.2895,1.2411,1.2013,1.1964,1.2345,1.2901,1.3304,1.3395,1.3095,1.2223,1.0498,0.82024,0.76047,0.96011,1.1603,1.2704,1.3151,1.3239,1.3141,1.2974,1.2841,1.2803,1.2847,1.2892,1.2864,1.2766,1.2667,1.2643,1.272,1.2876,1.307,1.325,1.3362,1.3366,1.3266,1.3132,1.3085,1.3223,1.3554,1.397,1.429,1.4346,1.4066,1.3521,1.289,1.3038,1.3468
1.3113,1.2915,1.2818,1.2982,1.3214,1.3467,1.3686,1.3821,1.3861,1.3844,1.3842,1.3911,1.4042,1.4173,1.4224,1.413,1.3844,1.335,1.2687,1.2026,1.1701,1.1947,1.2533,1.3028,1.3223,1.3071,1.2479,1.1252,0.94976,0.86788,1.0047,1.1852,1.2909,1.3314,1.3367,1.3264,1.3138,1.3082,1.3134,1.3257,1.3351,1.3323,1.315,1.2911,1.2735,1.2711,1.2845,1.3073,1.3309,1.3471,1.3504,1.3419,1.3311,1.3329,1.3606,1.4175,1.4914,1.5571,1.5866,1.565,1.5018,1.4236,1.385,1.3819
1.323,1.3176,1.3218,1.34,1.3684,1.4005,1.4274,1.4412,1.4401,1.4309,1.4253,1.4308,1.445,1.4592,1.4649,1.4566,1.4312,1.3861,1.3193,1.2379,1.1717,1.1637,1.2127,1.2702,1.3039,1.3081,1.2813,1.2161,1.1178,1.0581,1.1253,1.2463,1.3228,1.3482,1.3458,1.3347,1.3272,1.3309,1.3475,1.3716,1.3923,1.3978,1.3818,1.3498,1.3181,1.3021,1.3061,1.3231,1.3429,1.3565,1.3594,1.3544,1.3525,1.3703,1.4227,1.5134,1.6273,1.7273,1.7678,1.7282,1.6324,1.5236,1.4361,1.3995
1.3179,1.3159,1.3275,1.3566,1.4002,1.4479,1.4853,1.5002,1.4911,1.4703,1.4544,1.4511,1.4571,1.4633,1.4637,1.4567,1.4416,1.4125,1.3586,1.2726,1.1714,1.1137,1.1422,1.2135,1.2722,1.3036,1.3115,1.2988,1.2706,1.252,1.2778,1.3272,1.3544,1.3533,1.3396,1.3276,1.3264,1.3409,1.3709,1.4104,1.4488,1.4724,1.4698,1.4406,1.3999,1.3683,1.3546,1.3542,1.3577,1.3579,1.3526,1.3472,1.3545,1.3914,1.4717,1.5964,1.743,1.8604,1.8895,1.8162,1.6863,1.5537,1.4428,1.394
1.29,1.2776,1.286,1.3339,1.4012,1.4701,1.5186,1.5313,1.5115,1.4786,1.4521,1.4387,1.433,1.4273,1.4198,1.4151,1.4142,1.4052,1.3668,1.278,1.1387,1.0131,1.0082,1.1073,1.212,1.2843,1.3303,1.3621,1.3872,1.4067,1.4141,1.4004,1.3691,1.3345,1.3086,1.2981,1.3062,1.334,1.3793,1.4363,1.4959,1.5447,1.5665,1.5514,1.508,1.4591,1.4201,1.3917,1.3677,1.3431,1.319,1.304,1.314,1.3658,1.4678,1.6118,1.7653,1.872,1.8802,1.7915,1.6554,1.5192,1.4099,1.3662
1.2284,1.1848,1.1736,1.2537,1.356,1.4499,1.5073,1.5166,1.4897,1.4515,1.421,1.4015,1.3863,1.3695,1.3551,1.3544,1.3691,1.3786,1.3505,1.2539,1.0707,0.85168,0.78221,0.92806,1.1102,1.2429,1.3334,1.4036,1.4652,1.5093,1.5061,1.4434,1.3574,1.2897,1.2546,1.2503,1.272,1.3151,1.3751,1.447,1.5248,1.5981,1.6488,1.6554,1.6146,1.5488,1.4819,1.4216,1.3645,1.3067,1.2513,1.213,1.2149,1.2751,1.3913,1.5386,1.6762,1.7582,1.7566,1.6804,1.5625,1.4341,1.3394,1.3122
1.1175,1.0073,0.95651,1.105,1.2648,1.3898,1.4569,1.4674,1.4423,1.4076,1.3794,1.3583,1.3374,1.3133,1.2957,1.302,1.3322,1.3558,1.3318,1.2241,1,0.669,0.45462,0.67211,0.9692,1.1808,1.3212,1.4249,1.5094,1.5632,1.5482,1.4509,1.3243,1.2321,1.1944,1.2017,1.2393,1.296,1.3648,1.4423,1.5264,1.6123,1.684,1.712,1.679,1.6038,1.517,1.4313,1.344,1.2488,1.1491,1.0686,1.0494,1.118,1.2528,1.4043,1.5275,1.5939,1.5954,1.5401,1.4428,1.3165,1.2327,1.2266
0.95473,0.7224,0.61515,0.92224,1.1648,1.3211,1.3972,1.4129,1.395,1.3679,1.3444,1.3243,1.3012,1.2751,1.2602,1.2765,1.3205,1.3539,1.3314,1.2177,0.97719,0.58198,0,0.41225,0.83453,1.1181,1.3027,1.4316,1.5269,1.5779,1.5489,1.4308,1.2839,1.1827,1.1517,1.1736,1.224,1.2866,1.3533,1.4224,1.4955,1.5731,1.6451,1.6845,1.6661,1.5992,1.5118,1.4169,1.3097,1.1793,1.0242,0.87788,0.82249,0.91283,1.0877,1.2591,1.3825,1.447,1.4566,1.4178,1.3323,1.1949,1.1055,1.1167
0.79866,0.38594,0.21133,0.81812,1.1159,1.2798,1.3548,1.3733,1.3621,1.342,1.3233,1.305,1.2827,1.2594,1.252,1.2798,1.3353,1.3762,1.3574,1.2498,1.0314,0.69317,0.32485,0.43549,0.8059,1.097,1.2963,1.4333,1.5257,1.5639,1.5194,1.3923,1.2456,1.1542,1.139,1.1745,1.2301,1.2879,1.3411,1.3888,1.4336,1.4788,1.5253,1.5631,1.5699,1.5352,1.4705,1.3852,1.2733,1.1185,0.90938,0.67812,0.56944,0.71085,0.94819,1.1478,1.2783,1.3464,1.3641,1.3368,1.2585,1.1086,1.0022,1.022
0.7857,0.39101,0.36675,0.88197,1.1401,1.2749,1.3347,1.35,1.3425,1.3279,1.3133,1.2974,1.2777,1.2599,1.2615,1.2994,1.3637,1.4125,1.4028,1.314,1.1437,0.91334,0.71699,0.72898,0.92913,1.1487,1.3201,1.4407,1.5142,1.5288,1.4653,1.3359,1.2059,1.1408,1.1484,1.1946,1.2482,1.294,1.3265,1.3442,1.3461,1.336,1.3324,1.3623,1.4112,1.4322,1.4096,1.3496,1.249,1.0905,0.85521,0.56572,0.41322,0.61275,0.88896,1.0969,1.226,1.2943,1.3175,1.3003,1.2336,1.09,0.9816,1.005
0.94237,0.74125,0.76527,1.042,1.2051,1.29,1.3258,1.333,1.3267,1.317,1.3072,1.2948,1.2787,1.2667,1.2754,1.3191,1.3882,1.4448,1.4489,1.3862,1.2684,1.1277,1.0237,1.0225,1.1223,1.2572,1.3757,1.4586,1.4962,1.4742,1.3844,1.2549,1.1531,1.1268,1.1619,1.2178,1.2675,1.2999,1.3101,1.2928,1.2399,1.1513,1.0728,1.0971,1.2149,1.3138,1.3466,1.3222,1.2467,1.109,0.89551,0.64022,0.52532,0.69306,0.92929,1.1078,1.219,1.2803,1.3059,1.2994,1.2524,1.1418,1.0607,1.0861
1.1417,1.0612,1.0812,1.2006,1.2722,1.3054,1.3143,1.3108,1.3047,1.301,1.2983,1.2917,1.2808,1.2739,1.2862,1.3293,1.3962,1.456,1.4737,1.4382,1.3659,1.2879,1.2399,1.2471,1.3047,1.3822,1.4481,1.4818,1.4682,1.3958,1.2727,1.1465,1.0834,1.1036,1.1686,1.236,1.2847,1.3069,1.2968,1.2427,1.1256,0.93445,0.74177,0.76916,0.99937,1.1967,1.2928,1.3098,1.2684,1.1697,1.0128,0.84101,0.7775,0.87969,1.0358,1.1608,1.2418,1.2898,1.3146,1.319,1.2974,1.2364,1.1965,1.2186
1.302,1.294,1.3061,1.3222,1.322,1.3096,1.2919,1.277,1.2718,1.2767,1.2845,1.2871,1.2835,1.2815,1.2938,1.3297,1.3849,1.4375,1.4613,1.4478,1.4121,1.3801,1.3733,1.3993,1.4476,1.4953,1.518,1.4972,1.4211,1.2914,1.1394,1.0296,1.0153,1.0815,1.1738,1.2544,1.307,1.3245,1.2979,1.2091,1.0277,0.71856,0.29751,0.34631,0.78642,1.094,1.2544,1.3144,1.3107,1.2579,1.165,1.0674,1.0323,1.0817,1.1628,1.2311,1.2776,1.3081,1.3285,1.3412,1.3448,1.3348,1.3322,1.3458
1.4029,1.4431,1.4535,1.4029,1.3502,1.3005,1.2594,1.2351,1.233,1.2489,1.2696,1.2836,1.2885,1.291,1.3012,1.3253,1.3604,1.3931,1.4084,1.4042,1.3946,1.3994,1.4302,1.484,1.5423,1.5777,1.5643,1.4879,1.3512,1.1796,1.026,0.95479,0.98807,1.0851,1.1952,1.2886,1.3507,1.3701,1.3326,1.2167,0.99048,0.60438,0,0,0.63271,1.0235,1.2361,1.3352,1.3677,1.3583,1.3206,1.2757,1.2531,1.2616,1.2828,1.3008,1.3134,1.3235,1.3346,1.3494,1.3705,1.4004,1.4252,1.4314
1.446,1.5174,1.5327,1.4458,1.3605,1.2856,1.229,1.1999,1.2026,1.2284,1.2601,1.2836,1.2958,1.3017,1.3086,1.3199,1.3317,1.336,1.3277,1.314,1.3135,1.3438,1.4091,1.4955,1.5731,1.6047,1.5627,1.4456,1.28,1.1123,0.99755,0.97302,1.0312,1.1352,1.2519,1.3597,1.4395,1.4693,1.4262,1.2924,1.0556,0.70579,0.21519,0.038709,0.63997,1.0109,1.2435,1.3701,1.4319,1.457,1.4601,1.4493,1.431,1.4087,1.3844,1.3614,1.3427,1.3305,1.3267,1.3343,1.3591,1.4087,1.4519,1.459
1.4426,1.527,1.5506,1.4566,1.3612,1.2783,1.2182,1.1902,1.1964,1.2261,1.2612,1.2879,1.3028,1.3096,1.3133,1.3141,1.3066,1.2837,1.2456,1.2072,1.1958,1.2342,1.3225,1.4348,1.5286,1.5601,1.5086,1.3908,1.2494,1.1308,1.0686,1.0728,1.1324,1.2305,1.3534,1.4859,1.5998,1.6513,1.601,1.4451,1.2121,0.94041,0.6953,0.62804,0.81199,1.072,1.2812,1.4148,1.4924,1.538,1.5652,1.5743,1.5584,1.5171,1.4628,1.4096,1.3647,1.3303,1.3071,1.2983,1.3115,1.3585,1.4136,1.4326
1.411,1.4898,1.5202,1.4432,1.3595,1.2863,1.2348,1.2126,1.2195,1.2452,1.2744,1.2958,1.3071,1.3116,1.3125,1.3078,1.2902,1.252,1.1937,1.133,1.1042,1.1375,1.2315,1.3505,1.4454,1.4777,1.44,1.3576,1.2685,1.2033,1.1772,1.193,1.2494,1.3473,1.4896,1.6692,1.8466,1.9345,1.8574,1.6486,1.3991,1.1727,1.0107,0.95658,1.0313,1.1869,1.3452,1.4621,1.5359,1.5829,1.6156,1.6328,1.6223,1.5782,1.5129,1.4438,1.3814,1.3283,1.2851,1.2544,1.2448,1.2711,1.3349,1.375
1.3696,1.4272,1.458,1.4122,1.3542,1.3025,1.2678,1.2548,1.2617,1.2797,1.2974,1.3074,1.3099,1.3092,1.308,1.3036,1.2874,1.2505,1.1927,1.1313,1.1001,1.1282,1.2109,1.3115,1.3874,1.4142,1.3942,1.3486,1.302,1.271,1.2639,1.2856,1.3435,1.451,1.6257,1.8732,2.1482,2.2913,2.1448,1.8407,1.5504,1.3369,1.2114,1.1725,1.2139,1.3109,1.42,1.5039,1.5532,1.5802,1.5995,1.6142,1.6133,1.584,1.5288,1.4616,1.3939,1.3302,1.2715,1.2199,1.1833,1.1785,1.2478,1.3131
1.3293,1.353,1.3745,1.3637,1.337,1.3118,1.2976,1.297,1.3069,1.3193,1.3261,1.3237,1.3156,1.3085,1.3068,1.3079,1.3027,1.2813,1.2422,1.1997,1.1804,1.2032,1.2605,1.3243,1.3683,1.3816,1.3692,1.3447,1.321,1.307,1.3083,1.3322,1.3914,1.5075,1.7069,2.0038,2.3563,2.5458,2.3138,1.9344,1.6172,1.4104,1.3076,1.2879,1.3296,1.4072,1.4861,1.5351,1.5468,1.5372,1.5279,1.5309,1.54,1.5366,1.5089,1.4607,1.4016,1.3383,1.2733,1.2084,1.1498,1.1127,1.1801,1.2661
1.2946,1.2736,1.2714,1.2923,1.2973,1.3004,1.309,1.3242,1.3419,1.3546,1.3559,1.3451,1.3289,1.3173,1.3174,1.3277,1.3391,1.3401,1.3257,1.3042,1.2926,1.3017,1.326,1.3507,1.3637,1.3618,1.3492,1.3328,1.3182,1.3091,1.3095,1.3276,1.3796,1.4901,1.683,1.9587,2.2541,2.3842,2.1962,1.8652,1.5715,1.3838,1.3067,1.3145,1.3761,1.4605,1.5314,1.5566,1.5308,1.4786,1.433,1.4163,1.4297,1.4522,1.4594,1.4415,1.4027,1.3506,1.2902,1.2244,1.157,1.0981,1.1521,1.2433
1.2701,1.199,1.1539,1.1947,1.229,1.2615,1.2953,1.3297,1.3599,1.3789,1.3816,1.3691,1.3505,1.3387,1.3433,1.3648,1.3936,1.4152,1.4193,1.4074,1.3905,1.3782,1.3711,1.3645,1.3542,1.3397,1.3233,1.3071,1.2917,1.2767,1.2641,1.263,1.2933,1.3823,1.5445,1.7558,1.9446,2.0105,1.8972,1.6603,1.412,1.2468,1.2016,1.2526,1.3548,1.4679,1.5521,1.5717,1.5211,1.4326,1.3508,1.3086,1.3157,1.3543,1.3926,1.408,1.3959,1.3626,1.3155,1.2596,1.1985,1.1368,1.1697,1.2457
1.2616,1.1509,1.0481,1.084,1.1378,1.1986,1.2591,1.3144,1.3595,1.3885,1.3977,1.3896,1.3747,1.3673,1.3788,1.4108,1.4528,1.4863,1.496,1.48,1.4491,1.4157,1.3853,1.3577,1.3317,1.307,1.2842,1.2621,1.2363,1.2014,1.1566,1.1143,1.1076,1.1762,1.324,1.5005,1.6363,1.6785,1.6007,1.412,1.1715,0.99088,0.9696,1.0885,1.2616,1.4283,1.5469,1.5821,1.5272,1.4185,1.3086,1.2386,1.2272,1.2653,1.3218,1.3651,1.3804,1.3689,1.339,1.2987,1.2528,1.2037,1.2166,1.2649
1.2711,1.1502,1.0014,0.99992,1.0518,1.1314,1.2143,1.2877,1.3455,1.3835,1.3999,1.3986,1.3901,1.3892,1.4076,1.4464,1.4934,1.5271,1.5306,1.5037,1.46,1.4133,1.3699,1.3303,1.2938,1.2601,1.2286,1.1944,1.1467,1.0716,0.96303,0.84353,0.78678,0.8739,1.0705,1.2719,1.4088,1.4532,1.3912,1.2104,0.92318,0.62855,0.57649,0.81209,1.1002,1.3454,1.5156,1.5849,1.5482,1.4411,1.3184,1.2249,1.1862,1.2048,1.2594,1.3174,1.3544,1.3636,1.351,1.3267,1.2979,1.2672,1.2664,1.2869
1.2941,1.1943,1.0417,0.9912,1.0154,1.0927,1.1837,1.265,1.3275,1.3683,1.3874,1.3896,1.3852,1.3882,1.4094,1.4488,1.4921,1.5176,1.5115,1.4778,1.4304,1.3808,1.3334,1.2882,1.2451,1.2046,1.1656,1.1187,1.043,0.91076,0.70058,0.42265,0.2513,0.51209,0.84963,1.1147,1.2771,1.3363,1.2894,1.1151,0.78355,0.23494,0,0.47425,0.92356,1.2466,1.4651,1.5735,1.5709,1.4866,1.3707,1.2668,1.2023,1.1888,1.2196,1.2713,1.3166,1.34,1.3422,1.3326,1.3204,1.3089,1.3018,1.3028
1.3263,1.2639,1.146,1.067,1.0548,1.1076,1.186,1.2593,1.3147,1.3487,1.3623,1.3601,1.3523,1.3521,1.3698,1.4045,1.4409,1.4595,1.4513,1.4212,1.3803,1.3359,1.2909,1.246,1.2033,1.1661,1.134,1.0927,1.0116,0.85335,0.58577,0.068696,0,0.32985,0.76437,1.0584,1.2378,1.3136,1.2877,1.1411,0.84111,0.34437,0,0.37429,0.85154,1.1845,1.4136,1.5432,1.5741,1.5251,1.4339,1.3378,1.2621,1.2206,1.2166,1.2404,1.2727,1.2959,1.3055,1.3086,1.3135,1.3233,1.32,1.3123
1.369,1.3451,1.276,1.1934,1.1542,1.1728,1.2225,1.2735,1.3106,1.3286,1.3274,1.311,1.2897,1.278,1.2881,1.319,1.355,1.3776,1.3788,1.3618,1.3335,1.2994,1.2625,1.2268,1.1995,1.1881,1.1902,1.1838,1.1339,1.0147,0.82679,0.61142,0.49354,0.61761,0.87101,1.111,1.2824,1.3712,1.3712,1.2674,1.0458,0.74389,0.5424,0.66771,0.94008,1.1893,1.3781,1.4983,1.5464,1.53,1.4716,1.3981,1.33,1.2793,1.251,1.2426,1.2447,1.2472,1.2484,1.2561,1.2781,1.3132,1.3269,1.3226
1.426,1.4335,1.4087,1.3342,1.2787,1.2648,1.2799,1.301,1.3128,1.308,1.2841,1.2447,1.2018,1.1752,1.1814,1.2187,1.2667,1.3041,1.3217,1.3209,1.3073,1.2865,1.2646,1.2512,1.2586,1.2917,1.3351,1.3558,1.3262,1.2414,1.1201,0.99812,0.92581,0.951,1.0732,1.2393,1.3919,1.4949,1.5263,1.4668,1.3118,1.1083,0.96904,0.97905,1.0956,1.237,1.3607,1.45,1.4962,1.4991,1.4691,1.4223,1.3734,1.3314,1.2998,1.2767,1.256,1.2326,1.2108,1.2069,1.2354,1.2935,1.336,1.3456
1.4953,1.5234,1.5293,1.4642,1.3987,1.3582,1.3409,1.3312,1.3153,1.284,1.2331,1.167,1.1029,1.0693,1.0856,1.142,1.2086,1.2618,1.2936,1.3062,1.3058,1.3,1.2995,1.3189,1.3683,1.4365,1.4908,1.5009,1.4607,1.3848,1.2963,1.2182,1.1734,1.1826,1.2557,1.3805,1.5259,1.6547,1.7294,1.7138,1.596,1.4216,1.2767,1.2177,1.2351,1.2904,1.3535,1.4069,1.4404,1.4495,1.4372,1.4121,1.3831,1.3566,1.3349,1.3163,1.2955,1.2673,1.2346,1.2149,1.2328,1.2957,1.3646,1.3926
1.5586,1.5956,1.616,1.56,1.4906,1.4325,1.3898,1.3533,1.311,1.2537,1.1778,1.092,1.0223,1.0021,1.0423,1.118,1.1954,1.255,1.2927,1.3122,1.3207,1.3282,1.3495,1.3998,1.4765,1.5487,1.5801,1.5599,1.5019,1.4283,1.3588,1.308,1.2864,1.303,1.3655,1.476,1.6252,1.7887,1.9215,1.9586,1.861,1.6774,1.5002,1.3856,1.3367,1.3317,1.3482,1.3706,1.3885,1.3961,1.3926,1.3816,1.3677,1.3551,1.3456,1.3384,1.3301,1.3166,1.2974,1.2822,1.2914,1.3409,1.4171,1.4588
1.5832,1.6187,1.641,1.5982,1.5357,1.4725,1.415,1.3587,1.2952,1.218,1.1291,1.0448,0.99565,1.0054,1.0658,1.1459,1.2189,1.2731,1.3075,1.3262,1.3362,1.3492,1.3827,1.4478,1.5266,1.5792,1.5814,1.5393,1.4728,1.4024,1.3452,1.312,1.3079,1.3349,1.3959,1.4964,1.6404,1.8204,2.0003,2.098,2.0345,1.848,1.6465,1.4945,1.4025,1.3565,1.3391,1.3366,1.3397,1.3424,1.3423,1.3394,1.3358,1.3336,1.3342,1.3378,1.3432,1.3482,1.3514,1.3556,1.3699,1.4062,1.4697,1.514
1.5492,1.5754,1.5933,1.5703,1.5271,1.4725,1.4119,1.3451,1.2697,1.1863,1.1051,1.047,1.0337,1.0686,1.1327,1.2019,1.2604,1.3019,1.326,1.3352,1.3355,1.3405,1.3706,1.4327,1.4996,1.5335,1.5213,1.4727,1.4046,1.335,1.2817,1.2577,1.2656,1.3009,1.3597,1.445,1.5655,1.7259,1.9062,2.0388,2.0345,1.8939,1.7086,1.5489,1.4355,1.3631,1.3201,1.2966,1.2853,1.2812,1.2811,1.283,1.2865,1.2923,1.3016,1.3154,1.3338,1.3556,1.3792,1.4031,1.4275,1.455,1.4937,1.526
1.4707,1.484,1.4977,1.4969,1.479,1.4418,1.3877,1.3208,1.2465,1.174,1.1185,1.0957,1.1111,1.1552,1.2111,1.2641,1.3055,1.3311,1.3391,1.3295,1.3081,1.293,1.3109,1.3661,1.4252,1.4533,1.4407,1.3938,1.3244,1.2485,1.188,1.1624,1.1761,1.2176,1.2739,1.3422,1.4321,1.5552,1.7052,1.8377,1.8836,1.8175,1.6869,1.5503,1.436,1.3487,1.2847,1.2399,1.2113,1.1967,1.193,1.1971,1.2063,1.2202,1.2397,1.2663,1.3004,1.3406,1.3837,1.4245,1.4568,1.4758,1.4832,1.4915
1.3827,1.3861,1.3989,1.4166,1.4215,1.4026,1.3603,1.3025,1.241,1.1903,1.1638,1.1675,1.1964,1.2393,1.2842,1.3224,1.3477,1.3555,1.342,1.3062,1.2573,1.2231,1.2355,1.2908,1.3495,1.3794,1.3713,1.3281,1.2565,1.1698,1.0928,1.054,1.0645,1.1082,1.1615,1.2156,1.28,1.3716,1.4928,1.6148,1.6872,1.6798,1.6084,1.5091,1.4073,1.313,1.2288,1.1567,1.1006,1.0645,1.0492,1.0513,1.0661,1.0915,1.1279,1.1763,1.2357,1.3024,1.3695,1.4279,1.4667,1.4767,1.4522,1.433
1.3191,1.3192,1.334,1.3627,1.3819,1.3766,1.3465,1.302,1.2582,1.2294,1.224,1.2416,1.2748,1.3137,1.3495,1.3752,1.3846,1.3719,1.3333,1.2716,1.2049,1.1687,1.1882,1.2464,1.3034,1.3335,1.3293,1.2907,1.2206,1.1288,1.039,0.9842,0.98244,1.0184,1.0626,1.1017,1.146,1.2164,1.32,1.4342,1.5182,1.5441,1.5143,1.4481,1.3623,1.2647,1.1585,1.0479,0.94275,0.85839,0.80845,0.79707,0.8192,0.86823,0.94025,1.0316,1.1358,1.2433,1.3431,1.4229,1.4695,1.4734,1.4228,1.3806
1.3019,1.3028,1.3184,1.3482,1.3705,1.3707,1.3491,1.3169,1.2888,1.2764,1.2842,1.3093,1.3444,1.3804,1.4089,1.422,1.4128,1.377,1.316,1.2418,1.1805,1.1619,1.1921,1.2461,1.2936,1.3186,1.3158,1.2839,1.2233,1.1411,1.0569,0.99924,0.98512,1.003,1.0265,1.0427,1.0633,1.1131,1.2024,1.3102,1.3983,1.4407,1.4349,1.3915,1.3197,1.2219,1.096,0.9407,0.76134,0.57558,0.41881,0.35012,0.4046,0.53484,0.69453,0.86404,1.0319,1.1878,1.3219,1.423,1.4793,1.4835,1.4174,1.3608
1.3344,1.3357,1.3462,1.3653,1.3792,1.3761,1.3574,1.3339,1.3178,1.3178,1.3359,1.3682,1.4065,1.4409,1.4608,1.4572,1.4256,1.3685,1.2973,1.2327,1.1975,1.2026,1.2369,1.278,1.3093,1.3244,1.3212,1.2983,1.2545,1.1942,1.1312,1.0848,1.0659,1.0663,1.0668,1.057,1.0486,1.0698,1.1378,1.2349,1.3225,1.373,1.3812,1.3533,1.294,1.2019,1.0697,0.8884,0.64956,0.32847,0,0,0,0.29015,0.58044,0.80883,1.0086,1.1834,1.3297,1.4402,1.5047,1.5161,1.4479,1.3858
1.3976,1.3972,1.3954,1.3931,1.3887,1.3749,1.3544,1.3365,1.3307,1.3428,1.3726,1.4144,1.4577,1.489,1.4957,1.4708,1.4172,1.3484,1.285,1.247,1.2436,1.2669,1.2979,1.3216,1.3334,1.3354,1.33,1.3168,1.2932,1.2587,1.2193,1.1862,1.1669,1.1571,1.1437,1.1173,1.0852,1.0748,1.1129,1.1928,1.2768,1.3328,1.3514,1.336,1.2899,1.2108,1.0914,0.92364,0.70569,0.44781,0.17203,0.10192,0.34805,0.56688,0.76052,0.93475,1.0936,1.2378,1.3645,1.4668,1.5345,1.5584,1.502,1.4437
1.4562,1.4544,1.4367,1.407,1.378,1.3485,1.3229,1.3092,1.3142,1.3406,1.3853,1.4388,1.4863,1.5109,1.5007,1.4558,1.3899,1.3253,1.2838,1.2773,1.3007,1.3341,1.357,1.3611,1.3514,1.3381,1.3286,1.3242,1.3201,1.3094,1.2897,1.2662,1.2464,1.2312,1.2126,1.1807,1.1364,1.1011,1.108,1.1668,1.2467,1.3096,1.3394,1.3368,1.3051,1.244,1.1499,1.022,0.87258,0.73701,0.66801,0.69228,0.77998,0.88889,0.99806,1.1028,1.2039,1.302,1.3956,1.4795,1.5449,1.5812,1.5461,1.5007
1.4779,1.4768,1.4454,1.3885,1.3325,1.2834,1.2499,1.24,1.2582,1.3029,1.3655,1.4311,1.4803,1.4962,1.4724,1.4184,1.3558,1.309,1.2954,1.3175,1.3597,1.396,1.4065,1.3893,1.3576,1.3283,1.3131,1.3149,1.3271,1.3364,1.3326,1.3166,1.2968,1.2786,1.2579,1.2252,1.1763,1.125,1.1054,1.1434,1.2209,1.2949,1.34,1.3525,1.3365,1.2947,1.228,1.1413,1.0508,0.9837,0.96309,0.98866,1.041,1.1016,1.1618,1.2204,1.2791,1.3397,1.4023,1.4648,1.5215,1.5639,1.55,1.5216
1.455,1.4555,1.4164,1.3383,1.2561,1.184,1.1385,1.1322,1.1676,1.2353,1.3179,1.3936,1.4424,1.4517,1.4231,1.3732,1.3265,1.3053,1.3202,1.3651,1.4175,1.4491,1.4434,1.4055,1.3551,1.3126,1.2914,1.2959,1.3187,1.3429,1.3529,1.3454,1.3286,1.3097,1.2875,1.2535,1.2017,1.1403,1.1004,1.1193,1.1952,1.2845,1.3502,1.3817,1.3828,1.3591,1.3153,1.2589,1.2036,1.1661,1.1559,1.1692,1.1951,1.2249,1.2547,1.2843,1.3149,1.3478,1.3845,1.4253,1.4686,1.5086,1.5094,1.4952
1.4065,1.4081,1.3687,1.2806,1.1798,1.0859,1.026,1.0225,1.0769,1.168,1.2666,1.347,1.3922,1.3968,1.3697,1.3317,1.3074,1.3143,1.3547,1.414,1.4661,1.4852,1.4622,1.4096,1.3499,1.3019,1.2772,1.2803,1.3061,1.3385,1.3602,1.3641,1.3549,1.3389,1.3157,1.2793,1.2246,1.1574,1.104,1.1051,1.1757,1.2796,1.3696,1.4243,1.4443,1.4367,1.4091,1.3697,1.3297,1.2995,1.2842,1.2815,1.2864,1.2946,1.3038,1.3135,1.3236,1.335,1.3497,1.3705,1.399,1.4327,1.4429,1.4385
1.3587,1.362,1.3295,1.2467,1.1448,1.0435,0.97596,0.97347,1.0382,1.1397,1.2408,1.3153,1.351,1.349,1.3237,1.2992,1.2983,1.3307,1.3878,1.4482,1.487,1.4873,1.4511,1.3964,1.3427,1.3018,1.2797,1.28,1.3015,1.3344,1.364,1.3808,1.3836,1.3742,1.3517,1.3129,1.2567,1.1892,1.1313,1.1188,1.1771,1.286,1.3975,1.4778,1.5186,1.5256,1.5076,1.4746,1.4365,1.4017,1.3749,1.3561,1.3435,1.3349,1.3285,1.3226,1.3163,1.3097,1.3058,1.3097,1.3262,1.3545,1.3742,1.3785
1.3271,1.3329,1.3121,1.2473,1.1637,1.0775,1.0179,1.0156,1.0747,1.1664,1.2536,1.3116,1.3314,1.3188,1.2927,1.2796,1.2979,1.3455,1.4028,1.4462,1.4585,1.4374,1.3974,1.3576,1.3282,1.3099,1.3011,1.3026,1.317,1.3436,1.375,1.4015,1.4159,1.414,1.3932,1.3535,1.2986,1.2367,1.1838,1.1663,1.2088,1.3082,1.4286,1.5304,1.5927,1.6141,1.6027,1.57,1.527,1.4827,1.4427,1.4088,1.3813,1.3589,1.3397,1.3213,1.3015,1.2803,1.2614,1.2526,1.2608,1.2868,1.3189,1.3341
1.3144,1.3214,1.3115,1.2692,1.2127,1.154,1.1139,1.1151,1.1623,1.2345,1.3002,1.3371,1.3387,1.3136,1.2848,1.2786,1.3053,1.35,1.3868,1.3949,1.3694,1.3268,1.2949,1.2888,1.3024,1.3226,1.3409,1.3543,1.3661,1.3829,1.4069,1.4325,1.4498,1.4501,1.4293,1.3896,1.3387,1.2866,1.2451,1.2307,1.2606,1.3398,1.4499,1.5579,1.6359,1.672,1.6692,1.6385,1.592,1.5399,1.489,1.4432,1.4041,1.3717,1.3442,1.3182,1.2902,1.2593,1.2299,1.2114,1.2131,1.2372,1.2841,1.3127
1.3225,1.3242,1.3168,1.2945,1.2678,1.2437,1.2322,1.2436,1.2795,1.3276,1.368,1.3855,1.3756,1.3469,1.3182,1.3086,1.321,1.3405,1.3468,1.3269,1.2842,1.2427,1.2309,1.2529,1.2915,1.3306,1.3633,1.388,1.4074,1.4276,1.4512,1.4728,1.4833,1.4755,1.4474,1.4049,1.3587,1.3195,1.2959,1.2961,1.3277,1.3924,1.4792,1.5653,1.6263,1.6491,1.6356,1.5975,1.548,1.4972,1.4507,1.4115,1.3803,1.3566,1.338,1.3206,1.3005,1.2769,1.2537,1.2388,1.2399,1.2585,1.3024,1.3307
1.3362,1.3319,1.3218,1.3078,1.2958,1.2897,1.2939,1.3124,1.3442,1.3807,1.4085,1.4173,1.4047,1.3777,1.3502,1.3347,1.3327,1.334,1.3257,1.3001,1.2625,1.2344,1.2355,1.2625,1.2986,1.3329,1.3629,1.3896,1.4159,1.4438,1.4706,1.4895,1.4944,1.4811,1.4491,1.4052,1.3617,1.3298,1.3165,1.3268,1.3636,1.4255,1.5019,1.5717,1.6123,1.6123,1.5774,1.5242,1.4685,1.4205,1.3839,1.3589,1.3436,1.3357,1.3315,1.327,1.3193,1.308,1.2966,1.2908,1.2948,1.3084,1.3394,1.3585
