1.5,1.5,1.5,1.5,1.5,1.5,0.72083,0.25586,0.049477,0.049477,0.25586,0.72083,1.5,1.5,1.5,1.5,1.5,1.5,1.5,1.5,0.72083,0.25586,0.049477,0.049477,0.25586,0.72083,1.5,1.5,1.5,1.5,1.5,1.5
1.5,1.5,1.5,1.5,1.5,0.47818,0,0,0,0,0,0,0.47818,1.5,1.5,1.5,1.5,1.5,1.5,0.47818,0,0,0,0,0,0,0.47818,1.5,1.5,1.5,1.5,1.5
1.5,1.5,1.5,1.5,0.72083,0,0,0,0,0,0,0,0,0.72083,1.5,1.5,1.5,1.5,0.72083,0,0,0,0,0,0,0,0,0.72083,1.5,1.5,1.5,1.5
1.5,1.5,1.5,1.5,0.25586,0,0,0,0,0,0,0,0,0.25586,1.5,1.5,1.5,1.5,0.25586,0,0,0,0,0,0,0,0,0.25586,1.5,1.5,1.5,1.5
1.5,1.5,1.5,1.2997,0.049477,0,0,0,0,0,0,0,0,0.049477,1.2997,1.5,1.5,1.2997,0.049477,0,0,0,0,0,0,0,0,0.049477,1.2997,1.5,1.5,1.5
1.5,1.5,1.5,1.2997,0.049477,0,0,0,0,0,0,0,0,0.049477,1.2997,1.5,1.5,1.2997,0.049477,0,0,0,0,0,0,0,0,0.049477,1.2997,1.5,1.5,1.5
1.5,1.5,1.5,1.5,0.25586,0,0,0,0,0,0,0,0,0.25586,1.5,1.5,1.5,1.5,0.25586,0,0,0,0,0,0,0,0,0.25586,1.5,1.5,1.5,1.5
1.5,1.5,1.5,1.5,0.72083,0,0,0,0,0,0,0,0,0.72083,1.5,1.5,1.5,1.5,0.72083,0,0,0,0,0,0,0,0,0.72083,1.5,1.5,1.5,1.5
1.5,1.5,1.5,1.5,1.5,0.47818,0,0,0,0,0,0,0.47818,1.5,1.5,1.5,1.5,1.5,1.5,0.47818,0,0,0,0,0,0,0.47818,1.5,1.5,1.5,1.5,1.5
1.5,1.5,1.5,1.5,1.5,1.5,0.72083,0.25586,0.049477,0.049477,0.25586,0.72083,1.5,1.5,1.5,1.5,1.5,1.5,1.5,1.5,0.72083,0.25586,0.049477,0.049477,0.25586,0.72083,1.5,1.5,1.5,1.5,1.5,1.5
1.5,1.5,1.5,1.5,1.5,1.5,1.5,1.5,1.2997,1.2997,1.5,1.5,1.5,1.5,1.5,1.5,1.5,1.5,1.5,1.5,1.5,1.5,1.2997,1.2997,1.5,1.5,1.5,1.5,1.5,1.5,1.5,1.5
1.5,1.5,1.5,1.5,1.5,1.5,1.5,1.5,1.5,1.5,1.5,1.5,1.5,1.5,1.5,1.5,1.5,1.5,1.5,1.5,1.5,1.5,1.5,1.5,1.5,1.5,1.5,1.5,1.5,1.5,1.5,1.5
1.5,1.5,1.5,1.5,1.5,1.5,1.5,1.5,1.5,1.5,1.5,1.5,1.5,1.5,1.5,1.5,1.5,1.5,1.5,1.5,1.5,1.5,1.5,1.5,1.5,1.5,1.5,1.5,1.5,1.5,1.5,1.5
1.5,1.5,1.5,1.5,1.5,1.5,1.5,1.5,1.5,1.5,1.5,1.5,1.5,1.5,1.5,1.5,1.5,1.5,1.5,1.5,1.5,1.5,1.5,1.5,1.5,1.5,1.5,1.5,1.5,1.5,1.5,1.5
1.5,1.5,1.5,1.5,1.5,1.5,1.5,1.5,1.5,1.5,1.5,1.5,1.5,1.5,1.5,1.5,1.5,1.5,1.5,1.5,1.5,1.5,1.5,1.5,1.5,1.5,1.5,1.5,1.5,1.5,1.5,1.5
1.5,1.5,1.5,1.5,1.5,1.5,1.5,1.5,1.5,1.5,1.5,1.5,1.5,1.5,1.5,1.5,1.5,1.5,1.5,1.5,1.5,1.5,1.5,1.5,1.5,1.5,1.5,1.5,1.5,1.5,1.5,1.5
1.5,1.5,1.5,1.5,1.5,1.5,1.5,1.5,1.5,1.5,1.5,1.5,1.5,1.5,1.5,1.5,1.5,1.5,1.5,1.5,1.5,1.5,1.5,1.5,1.5,1.5,1.5,1.5,1.5,1.5,1.5,1.5
1.5,1.5,1.5,1.5,1.5,1.5,1.5,1.5,1.5,1.5,1.5,1.5,1.5,1.5,1.5,1.5,1.5,1.5,1.5,1.5,1.5,1.5,1.5,1.5,1.5,1.5,1.5,1.5,1.5,1.5,1.5,1.5
1.5,1.5,1.5,1.5,1.5,1.5,1.5,1.5,1.5,1.5,1.5,1.5,1.5,1.5,1.5,1.5,1.5,1.5,1.5,1.5,1.5,1.5,1.5,1.5,1.5,1.5,1.5,1.5,1.5,1.5,1.5,1.5
1.5,1.5,1.5,1.5,1.5,1.5,1.5,1.5,1.5,1.5,1.5,1.5,1.5,1.5,1.5,1.5,1.5,1.5,1.5,1.5,1.5,1.5,1.5,1.5,1.5,1.5,1.5,1.5,1.5,1.5,1.5,1.5
1.5,1.5,1.5,1.5,1.5,1.5,1.5,1.5,1.5,1.5,1.5,1.5,1.5,1.5,1.5,1.5,1.5,1.5,1.5,1.5,1.5,1.5,1.5,1.5,1.5,1.5,1.5,1.5,1.5,1.5,1.5,1.5
1.5,1.5,1.5,1.5,1.5,1.5,1.5,1.5,1.5,1.5,1.5,1.5,1.5,1.5,1.5,1.5,1.5,1.5,1.5,1.5,1.5,1.5,1.5,1.5,1.5,1.5,1.5,1.5,1.5,1.5,1.5,1.5
1.5,1.5,1.5,1.5,1.5,1.5,1.5,1.5,1.5,1.5,1.5,1.5,1.5,1.5,1.5,1.5,1.5,1.5,1.5,1.5,1.5,1.5,1.5,1.5,1.5,1.5,1.5,1.5,1.5,1.5,1.5,1.5
1.5,1.5,1.5,1.5,1.5,1.5,1.5,1.5,1.5,1.5,1.5,1.5,1.5,1.5,1.5,1.5,1.5,1.5,1.5,1.5,1.5,1.5,1.5,1.5,1.5,1.5,1.5,1.5,1.5,1.5,1.5,1.5
1.5,1.5,1.5,1.5,1.5,1.5,1.5,1.5,1.5,1.5,1.5,1.5,1.5,1.5,1.5,1.5,1.5,1.5,1.5,1.5,1.5,1.5,1.5,1.5,1.5,1.5,1.5,1.5,1.5,1.5,1.5,1.5
1.5,1.5,1.5,1.5,1.5,1.5,1.5,1.5,1.5,1.5,1.5,1.5,1.5,1.5,1.5,1.5,1.5,1.5,1.5,1.5,1.5,1.5,1.5,1.5,1.5,1.5,1.5,1.5,1.5,1.5,1.5,1.5
1.5,1.5,1.5,1.5,1.5,1.5,1.5,1.5,1.5,1.5,1.5,1.5,1.5,1.5,1.5,1.5,1.5,1.5,1.5,1.5,1.5,1.5,1.5,1.5,1.5,1.5,1.5,1.5,1.5,1.5,1.5,1.5
1.5,1.5,1.5,1.5,1.5,1.5,1.5,1.5,1.5,1.5,1.5,1.5,1.5,1.5,1.5,1.5,1.5,1.5,1.5,1.5,1.5,1.5,1.5,1.5,1.5,1.5,1.5,1.5,1.5,1.5,1.5,1.5
1.5,1.5,1.5,1.5,1.5,1.5,1.5,1.5,1.5,1.5,1.5,1.5,1.5,1.5,1.5,1.5,1.5,1.5,1.5,1.5,1.5,1.5,1.5,1.5,1.5,1.5,1.5,1.5,1.5,1.5,1.5,1.5
1.5,1.5,1.5,1.5,1.5,1.5,1.5,1.5,1.5,1.5,1.5,1.5,1.5,1.5,1.5,1.5,1.5,1.5,1.5,1.5,1.5,1.5,1.5,1.5,1.5,1.5,1.5,1.5,1.5,1.5,1.5,1.5
1.5,1.5,1.5,1.5,1.5,1.5,1.5,1.5,1.5,1.5,1.5,1.5,1.5,1.5,1.5,1.5,1.5,1.5,1.5,1.5,1.5,1.5,1.5,1.5,1.5,1.5,1.5,1.5,1.5,1.5,1.5,1.5
1.5,1.5,1.5,1.5,1.5,1.5,1.5,1.5,1.5,1.5,1.5,1.5,1.5,1.5,1.5,1.5,1.5,1.5,1.5,1.5,1.5,1.5,1.5,1.5,1.5,1.5,1.5,1.5,1.5,1.5,1.5,1.5
