0,0,0,0,0,0,0,0,0,0.13252,0.51445,1.015,1.5,1.5,1.5,1.5,1.5,1.5,1.5,1.5,1.015,0.51445,0.13252,0,0,0,0,0,0,0,0,0
0,0,0,0,0,0,0,0,0,0,0.27526,0.72569,1.3442,1.5,1.5,1.5,1.5,1.5,1.5,1.3442,0.72569,0.27526,0,0,0,0,0,0,0,0,0,0
0,0,0,0,0,0,0,0,0,0,0.097409,0.51714,1.0723,1.5,1.5,1.5,1.5,1.5,1.5,1.0723,0.51714,0.097409,0,0,0,0,0,0,0,0,0,0
0,0,0,0,0,0,0,0,0,0,0,0.371,0.88986,1.5,1.5,1.5,1.5,1.5,1.5,0.88986,0.371,0,0,0,0,0,0,0,0,0,0,0
0,0,0,0,0,0,0,0,0,0,0,0.27772,0.77603,1.4792,1.5,1.5,1.5,1.5,1.4792,0.77603,0.27772,0,0,0,0,0,0,0,0,0,0,0
0,0,0,0,0,0,0,0,0,0,0,0.2322,0.72112,1.402,1.5,1.5,1.5,1.5,1.402,0.72112,0.2322,0,0,0,0,0,0,0,0,0,0,0
0,0,0,0,0,0,0,0,0,0,0,0.2322,0.72112,1.402,1.5,1.5,1.5,1.5,1.402,0.72112,0.2322,0,0,0,0,0,0,0,0,0,0,0
0,0,0,0,0,0,0,0,0,0,0,0.27772,0.77603,1.4792,1.5,1.5,1.5,1.5,1.4792,0.77603,0.27772,0,0,0,0,0,0,0,0,0,0,0
0,0,0,0,0,0,0,0,0,0,0,0.371,0.88986,1.5,1.5,1.5,1.5,1.5,1.5,0.88986,0.371,0,0,0,0,0,0,0,0,0,0,0
0,0,0,0,0,0,0,0,0,0,0.097409,0.51714,1.0723,1.5,1.5,1.5,1.5,1.5,1.5,1.0723,0.51714,0.097409,0,0,0,0,0,0,0,0,0,0
0,0,0,0,0,0,0,0,0,0,0.27526,0.72569,1.3442,1.5,1.5,1.5,1.5,1.5,1.5,1.3442,0.72569,0.27526,0,0,0,0,0,0,0,0,0,0
0,0,0,0,0,0,0,0,0,0.13252,0.51445,1.015,1.5,1.5,1.5,1.5,1.5,1.5,1.5,1.5,1.015,0.51445,0.13252,0,0,0,0,0,0,0,0,0
0,0,0,0,0,0,0,0,0.075028,0.40705,0.83398,1.4253,1.5,1.5,1.5,1.5,1.5,1.5,1.5,1.5,1.4253,0.83398,0.40705,0.075028,0,0,0,0,0,0,0,0
0,0,0,0,0,0,0,0.097959,0.39128,0.76712,1.2747,1.5,1.5,1.5,1.5,1.5,1.5,1.5,1.5,1.5,1.5,1.2747,0.76712,0.39128,0.097959,0,0,0,0,0,0,0
0,0,0,0,0,0,0.20319,0.46553,0.80454,1.2612,1.5,1.5,1.5,1.5,1.5,1.5,1.5,1.5,1.5,1.5,1.5,1.5,1.2612,0.80454,0.46553,0.20319,0,0,0,0,0,0
0,0,0,0.087405,0.22013,0.40019,0.6378,0.95159,1.3819,1.5,1.5,1.5,1.5,1.5,1.5,1.5,1.5,1.5,1.5,1.5,1.5,1.5,1.5,1.3819,0.95159,0.6378,0.40019,0.22013,0.087405,0,0,0
0.36315,0.38361,0.44594,0.55314,0.71117,0.93087,1.2335,1.5,1.5,1.5,1.5,1.5,1.5,1.5,1.5,1.5,1.5,1.5,1.5,1.5,1.5,1.5,1.5,1.5,1.5,1.2335,0.93087,0.71117,0.55314,0.44594,0.38361,0.36315
0.9441,0.97004,1.0498,1.1899,1.4049,1.5,1.5,1.5,1.5,1.5,1.5,1.5,1.5,1.5,1.5,1.5,1.5,1.5,1.5,1.5,1.5,1.5,1.5,1.5,1.5,1.5,1.5,1.4049,1.1899,1.0498,0.97004,0.9441
1.5,1.5,1.5,1.5,1.5,1.5,1.5,1.5,1.5,1.5,1.5,1.5,1.5,1.5,1.5,1.5,1.5,1.5,1.5,1.5,1.5,1.5,1.5,1.5,1.5,1.5,1.5,1.5,1.5,1.5,1.5,1.5
1.5,1.5,1.5,1.5,1.5,1.5,1.5,1.5,1.5,1.5,1.5,1.5,1.5,1.5,1.5,1.5,1.5,1.5,1.5,1.5,1.5,1.5,1.5,1.5,1.5,1.5,1.5,1.5,1.5,1.5,1.5,1.5
1.5,1.5,1.5,1.5,1.5,1.5,1.5,1.5,1.5,1.5,1.5,1.5,1.5,1.5,1.5,1.5,1.5,1.5,1.5,1.5,1.5,1.5,1.5,1.5,1.5,1.5,1.5,1.5,1.5,1.5,1.5,1.5
1.5,1.5,1.5,1.5,1.5,1.5,1.5,1.5,1.5,1.5,1.5,1.5,1.5,1.5,1.5,1.5,1.5,1.5,1.5,1.5,1.5,1.5,1.5,1.5,1.5,1.5,1.5,1.5,1.5,1.5,1.5,1.5
1.5,1.5,1.5,1.5,1.5,1.5,1.5,1.5,1.5,1.5,1.5,1.5,1.5,1.5,1.5,1.5,1.5,1.5,1.5,1.5,1.5,1.5,1.5,1.5,1.5,1.5,1.5,1.5,1.5,1.5,1.5,1.5
1.5,1.5,1.5,1.5,1.5,1.5,1.5,1.5,1.5,1.5,1.5,1.5,1.5,1.5,1.5,1.5,1.5,1.5,1.5,1.5,1.5,1.5,1.5,1.5,1.5,1.5,1.5,1.5,1.5,1.5,1.5,1.5
1.5,1.5,1.5,1.5,1.5,1.5,1.5,1.5,1.5,1.5,1.5,1.5,1.5,1.5,1.5,1.5,1.5,1.5,1.5,1.5,1.5,1.5,1.5,1.5,1.5,1.5,1.5,1.5,1.5,1.5,1.5,1.5
1.5,1.5,1.5,1.5,1.5,1.5,1.5,1.5,1.5,1.5,1.5,1.5,1.5,1.5,1.5,1.5,1.5,1.5,1.5,1.5,1.5,1.5,1.5,1.5,1.5,1.5,1.5,1.5,1.5,1.5,1.5,1.5
1.5,1.5,1.5,1.5,1.5,1.5,1.5,1.5,1.5,1.5,1.5,1.5,1.5,1.5,1.5,1.5,1.5,1.5,1.5,1.5,1.5,1.5,1.5,1.5,1.5,1.5,1.5,1.5,1.5,1.5,1.5,1.5
1.5,1.5,1.5,1.5,1.5,1.5,1.5,1.5,1.5,1.5,1.5,1.5,1.5,1.5,1.5,1.5,1.5,1.5,1.5,1.5,1.5,1.5,1.5,1.5,1.5,1.5,1.5,1.5,1.5,1.5,1.5,1.5
1.5,1.5,1.5,1.5,1.5,1.5,1.5,1.5,1.5,1.5,1.5,1.5,1.5,1.5,1.5,1.5,1.5,1.5,1.5,1.5,1.5,1.5,1.5,1.5,1.5,1.5,1.5,1.5,1.5,1.5,1.5,1.5
1.5,1.5,1.5,1.5,1.5,1.5,1.5,1.5,1.5,1.5,1.5,1.5,1.5,1.5,1.5,1.5,1.5,1.5,1.5,1.5,1.5,1.5,1.5,1.5,1.5,1.5,1.5,1.5,1.5,1.5,1.5,1.5
1.5,1.5,1.5,1.5,1.5,1.5,1.5,1.5,1.5,1.5,1.5,1.5,1.5,1.5,1.5,1.5,1.5,1.5,1.5,1.5,1.5,1.5,1.5,1.5,1.5,1.5,1.5,1.5,1.5,1.5,1.5,1.5
1.5,1.5,1.5,1.5,1.5,1.5,1.5,1.5,1.5,1.5,1.5,1.5,1.5,1.5,1.5,1.5,1.5,1.5,1.5,1.5,1.5,1.5,1.5,1.5,1.5,1.5,1.5,1.5,1.5,1.5,1.5,1.5
