1.162,1.1725,1.1877,1.1835,1.1568,1.1329,1.1325,1.1431,1.1534,1.1622,1.1679,1.165,1.1547,1.1459,1.1442,1.1494,1.1575,1.1657,1.1751,1.1866,1.1981,1.2072,1.218,1.2383,1.265,1.2765,1.2537,1.2035,1.1491,1.1152,1.1229,1.1765,1.2641,1.3678,1.4305,1.386,1.2896,1.2232,1.2001,1.2023,1.2124,1.2153,1.197,1.1586,1.1071,1.0568,1.0597,1.1243,1.1728,1.1788,1.1622,1.1518,1.1551,1.1524,1.1261,1.0731,0.99853,0.91711,0.85452,0.83741,0.87605,0.95316,1.0535,1.1019
1.164,1.1731,1.1822,1.1645,1.1201,1.0913,1.1061,1.1382,1.1678,1.1902,1.1979,1.185,1.1614,1.14,1.1285,1.131,1.1455,1.166,1.1884,1.2101,1.2259,1.2318,1.2349,1.252,1.285,1.3037,1.2765,1.2171,1.1622,1.1342,1.1411,1.1851,1.2662,1.369,1.4262,1.3783,1.283,1.2112,1.1812,1.1858,1.2095,1.2256,1.2025,1.1278,1.0006,0.87046,0.90622,1.0522,1.1382,1.1582,1.1485,1.1451,1.1582,1.1613,1.1303,1.0611,0.95697,0.83088,0.73197,0.73535,0.83556,0.95286,1.059,1.1056
1.1657,1.1664,1.1535,1.1056,1.0349,1.0117,1.0626,1.1391,1.2149,1.2733,1.2797,1.2295,1.16,1.0981,1.0626,1.0712,1.1163,1.1711,1.2186,1.2523,1.2648,1.2516,1.2272,1.2231,1.2528,1.2811,1.2642,1.2152,1.1743,1.157,1.1604,1.1823,1.2291,1.2984,1.3454,1.3223,1.2513,1.1725,1.1179,1.1212,1.1802,1.2371,1.2092,1.0461,0.74131,0.51265,0.76865,1.0243,1.1266,1.1479,1.1456,1.1608,1.1955,1.2084,1.1765,1.1139,1.0363,0.95468,0.89783,0.90919,0.97976,1.054,1.1109,1.1346
1.1566,1.1416,1.0985,1.035,0.9796,0.99062,1.0629,1.159,1.2684,1.3587,1.3545,1.2513,1.116,0.99772,0.95258,1.0072,1.1007,1.1766,1.2245,1.2487,1.2488,1.2228,1.1837,1.1624,1.1784,1.2055,1.2012,1.1715,1.1509,1.148,1.1489,1.1465,1.1531,1.1844,1.2227,1.2301,1.1946,1.1195,1.0336,1.023,1.1193,1.2198,1.1955,1.0157,0.78189,0.76793,0.98755,1.1279,1.1564,1.1391,1.1295,1.1635,1.2184,1.2366,1.2077,1.1638,1.1272,1.1039,1.0987,1.1184,1.1513,1.1729,1.175,1.1725
1.1362,1.1076,1.0509,1.0095,1.0052,1.0435,1.1013,1.1749,1.274,1.3612,1.3447,1.2181,1.0543,0.93192,0.93772,1.0369,1.1222,1.1636,1.1742,1.1703,1.1633,1.1569,1.1488,1.1449,1.1547,1.1636,1.1441,1.1066,1.0905,1.0988,1.0973,1.0706,1.0466,1.0664,1.1209,1.1606,1.1574,1.0991,1.0028,0.98076,1.0908,1.2,1.1891,1.0865,1.0214,1.1028,1.2352,1.2573,1.1969,1.126,1.0931,1.1255,1.1851,1.2083,1.1875,1.1593,1.15,1.1661,1.2079,1.2642,1.2982,1.284,1.2346,1.2052
1.111,1.0794,1.0308,1.0239,1.0591,1.1033,1.1339,1.1671,1.224,1.2822,1.2696,1.1754,1.0605,1.007,1.0585,1.1324,1.1569,1.1338,1.0843,1.0332,1.0154,1.0492,1.1056,1.1506,1.1766,1.1784,1.1453,1.0934,1.0645,1.0629,1.0438,0.98581,0.93778,0.96836,1.0559,1.13,1.1624,1.1421,1.0758,1.0559,1.1293,1.1961,1.192,1.1605,1.1922,1.3239,1.4243,1.3587,1.2322,1.1397,1.1016,1.1185,1.1552,1.1609,1.1299,1.1043,1.1198,1.1809,1.2836,1.405,1.4652,1.4099,1.2917,1.2278
1.1097,1.0881,1.0609,1.0746,1.1208,1.1541,1.1533,1.1377,1.1349,1.1582,1.1733,1.1536,1.1306,1.1572,1.2276,1.2598,1.2193,1.1303,1.0202,0.91837,0.87563,0.93107,1.0386,1.1266,1.1741,1.188,1.1721,1.1394,1.1149,1.0997,1.0615,0.9845,0.92083,0.94864,1.0449,1.1387,1.209,1.2469,1.2277,1.1868,1.1816,1.1907,1.1923,1.208,1.2714,1.3761,1.4148,1.3139,1.2023,1.151,1.1474,1.1713,1.1901,1.163,1.0873,1.0234,1.0449,1.1506,1.3058,1.4719,1.5456,1.4584,1.3006,1.2219
1.1319,1.1268,1.1284,1.1589,1.2048,1.2157,1.174,1.0968,1.0117,0.98686,1.0472,1.1205,1.1913,1.2917,1.3933,1.4059,1.3203,1.2011,1.0924,1.0086,0.96176,0.97037,1.0267,1.0866,1.1241,1.1475,1.1616,1.1627,1.1554,1.1427,1.1121,1.0558,1.0052,1.0151,1.0822,1.1681,1.2689,1.3763,1.3983,1.3036,1.2112,1.1701,1.1792,1.2184,1.2531,1.2467,1.1526,1.0336,1.0303,1.0927,1.1581,1.2137,1.2409,1.2093,1.1141,1.0117,1.0059,1.1114,1.2578,1.3908,1.4348,1.3567,1.2391,1.1859
1.1529,1.1639,1.198,1.2572,1.3139,1.3029,1.2148,1.0741,0.8967,0.78723,0.87649,1.0374,1.1766,1.3156,1.4347,1.4487,1.3604,1.2558,1.1799,1.1333,1.1079,1.0998,1.1035,1.1057,1.1027,1.1112,1.1338,1.1511,1.1543,1.1496,1.1396,1.1197,1.0985,1.0988,1.1276,1.1816,1.2812,1.4305,1.4815,1.3586,1.2163,1.1376,1.1523,1.1997,1.1995,1.1127,0.87597,0.56719,0.67908,0.95175,1.1134,1.1926,1.2219,1.2114,1.1605,1.088,1.0626,1.1164,1.1996,1.2589,1.25,1.1861,1.1424,1.1351
1.159,1.178,1.2309,1.3147,1.3949,1.3835,1.2715,1.1112,0.92335,0.77252,0.80035,0.95411,1.0973,1.2179,1.3167,1.3497,1.3071,1.2417,1.1926,1.1652,1.1542,1.1544,1.1595,1.1581,1.1444,1.134,1.1393,1.1452,1.1409,1.1378,1.1476,1.1634,1.171,1.1657,1.1551,1.1548,1.1998,1.3252,1.4013,1.3267,1.2002,1.0995,1.1136,1.1742,1.1728,1.0976,0.92122,0.66314,0.65843,0.92312,1.0998,1.1596,1.1641,1.1669,1.1758,1.1596,1.1349,1.1403,1.1621,1.1568,1.0933,1.0267,1.0506,1.0884
1.1506,1.1648,1.2062,1.28,1.3694,1.3866,1.2986,1.1745,1.0576,0.96977,0.94788,0.99907,1.0728,1.1386,1.1937,1.2262,1.222,1.1925,1.1628,1.1466,1.1449,1.1544,1.1712,1.1892,1.2007,1.2023,1.1959,1.1771,1.1481,1.1325,1.1529,1.198,1.2296,1.217,1.1633,1.0873,1.0283,1.1036,1.2357,1.2448,1.1665,1.0522,1.0435,1.1343,1.1646,1.1366,1.0733,1.0051,1.0135,1.1248,1.2109,1.2013,1.1547,1.1477,1.1836,1.1967,1.1704,1.1451,1.1269,1.0806,0.99045,0.9419,1.0135,1.0747
1.1445,1.1468,1.1575,1.192,1.2604,1.3066,1.2693,1.1957,1.139,1.1117,1.1152,1.1423,1.1686,1.1767,1.1715,1.1604,1.1415,1.1112,1.0803,1.0695,1.0842,1.1146,1.1514,1.1918,1.2353,1.2743,1.2863,1.2539,1.1952,1.155,1.1687,1.2246,1.2688,1.2496,1.1606,1.0111,0.83333,0.87945,1.0962,1.1737,1.1337,1.0045,0.91484,1.0314,1.1322,1.1581,1.1543,1.1573,1.2052,1.308,1.3746,1.3085,1.1983,1.1625,1.1904,1.2012,1.1681,1.1232,1.0788,1.0193,0.96228,0.97139,1.0493,1.1004
1.164,1.1589,1.144,1.1383,1.1619,1.1934,1.1839,1.1511,1.1377,1.155,1.2047,1.2847,1.3576,1.3601,1.2959,1.2171,1.1399,1.0411,0.90678,0.81018,0.85208,0.97173,1.0796,1.1623,1.2363,1.3096,1.3574,1.3371,1.2633,1.2002,1.1921,1.2319,1.269,1.2493,1.1584,0.99583,0.78067,0.79325,1.033,1.1419,1.1243,0.99174,0.77578,0.80467,1.008,1.1239,1.1682,1.1948,1.2486,1.3487,1.4261,1.3541,1.2056,1.1481,1.1692,1.179,1.1479,1.0933,1.0322,0.98931,0.99969,1.0475,1.104,1.1366
1.2248,1.2186,1.1887,1.156,1.133,1.0948,1.0282,0.99364,1.0308,1.1095,1.2168,1.3681,1.5483,1.6287,1.5251,1.367,1.2397,1.1075,0.8644,0.25742,0,0.35119,0.86026,1.0779,1.1966,1.2837,1.3452,1.3471,1.2881,1.2246,1.1993,1.2113,1.2291,1.2163,1.1588,1.0535,0.91379,0.89459,1.053,1.1526,1.1476,1.0338,0.77712,0.58634,0.77438,0.99794,1.1103,1.1543,1.1972,1.2686,1.3205,1.2517,1.1005,1.0597,1.1142,1.1493,1.1378,1.0902,1.0312,1.0178,1.0589,1.1043,1.1461,1.1741
1.314,1.2989,1.246,1.1959,1.1538,1.0694,0.88579,0.69536,0.75086,0.94737,1.1378,1.3353,1.5643,1.7224,1.6422,1.4457,1.296,1.1877,1.0455,0.71717,0,0,0.3942,0.94102,1.1299,1.215,1.2573,1.2621,1.2321,1.1944,1.173,1.1702,1.1739,1.1714,1.1557,1.1202,1.0672,1.0522,1.1257,1.1973,1.2037,1.1239,0.93484,0.74377,0.77112,0.93358,1.0533,1.0996,1.1321,1.183,1.2024,1.106,0.93062,0.92983,1.055,1.1357,1.1603,1.1458,1.1118,1.0993,1.1137,1.1391,1.1832,1.2236
1.3702,1.3309,1.2459,1.1935,1.1634,1.0987,0.92197,0.60438,0.49667,0.76695,1.0175,1.2124,1.3948,1.5357,1.5298,1.3991,1.2779,1.2007,1.1352,1.0375,0.85309,0.59853,0.65274,0.94834,1.1155,1.171,1.176,1.1596,1.1396,1.1269,1.1217,1.1213,1.124,1.1325,1.1487,1.1631,1.1639,1.1624,1.193,1.2471,1.2782,1.2462,1.135,1.023,1.0066,1.0641,1.1287,1.1643,1.1879,1.2166,1.199,1.0612,0.85621,0.87279,1.0362,1.1535,1.2282,1.2758,1.262,1.1965,1.1521,1.1525,1.2076,1.268
1.3426,1.2833,1.1748,1.1442,1.15,1.1286,1.0342,0.84263,0.71742,0.82925,0.99612,1.129,1.2397,1.3256,1.3481,1.2941,1.2255,1.1821,1.1543,1.1273,1.095,1.0678,1.0919,1.1852,1.2416,1.2187,1.1663,1.1183,1.0896,1.0804,1.0802,1.0842,1.0933,1.1117,1.145,1.1838,1.206,1.2041,1.2094,1.2559,1.327,1.362,1.3057,1.2068,1.15,1.1498,1.1893,1.2551,1.3356,1.3863,1.3322,1.1527,0.95778,0.95191,1.0739,1.1982,1.3312,1.4561,1.4248,1.2709,1.1568,1.118,1.1794,1.2553
1.271,1.2106,1.0914,1.0843,1.1316,1.1492,1.1216,1.0474,0.9893,1.0109,1.0689,1.1246,1.1718,1.2041,1.206,1.1749,1.147,1.1414,1.1432,1.1447,1.1504,1.175,1.2475,1.377,1.4464,1.3549,1.2239,1.1428,1.1106,1.1015,1.0944,1.0909,1.0989,1.1177,1.1487,1.1859,1.2049,1.191,1.176,1.2131,1.3168,1.4208,1.4084,1.2922,1.1806,1.127,1.1484,1.2488,1.4125,1.547,1.49,1.2776,1.1016,1.0673,1.1281,1.2343,1.4052,1.5779,1.5087,1.291,1.1037,0.98755,1.0589,1.1647
1.2228,1.1835,1.0843,1.0678,1.1253,1.1623,1.1759,1.1757,1.1702,1.1646,1.1609,1.1601,1.1583,1.1438,1.1009,1.0363,1.0154,1.0561,1.1005,1.1291,1.1527,1.1907,1.27,1.4115,1.5317,1.445,1.26,1.1612,1.1457,1.1593,1.1642,1.1554,1.1473,1.1447,1.1509,1.1661,1.1726,1.1556,1.1402,1.177,1.2934,1.4293,1.4404,1.3031,1.1137,0.95415,0.9371,1.0985,1.3306,1.5063,1.4799,1.3064,1.1736,1.1335,1.1536,1.2241,1.3758,1.5274,1.4567,1.2444,0.98403,0.70203,0.82661,1.0279
1.2151,1.2026,1.146,1.1046,1.1316,1.164,1.2001,1.2535,1.2975,1.2926,1.2541,1.2112,1.1687,1.1114,1.0086,0.84718,0.75937,0.86517,0.99599,1.0745,1.1221,1.168,1.2345,1.3327,1.4163,1.3498,1.1774,1.1063,1.1387,1.2,1.2441,1.2484,1.2189,1.1761,1.1399,1.1241,1.125,1.1282,1.141,1.1946,1.3075,1.4236,1.42,1.2667,0.98325,0.50307,0,0.72528,1.1255,1.3172,1.3319,1.2457,1.1744,1.147,1.144,1.1724,1.2726,1.3837,1.3428,1.1759,0.88413,0.35145,0.56661,0.91316
1.2374,1.2364,1.2005,1.1426,1.1338,1.1532,1.2033,1.3008,1.3974,1.4067,1.3416,1.2617,1.1866,1.0981,0.94496,0.64687,0.25414,0.47575,0.79756,0.97213,1.0638,1.126,1.1832,1.2387,1.2633,1.1809,1.0247,1.0028,1.0981,1.2037,1.2821,1.306,1.2661,1.1932,1.1233,1.0841,1.0876,1.1174,1.1599,1.223,1.3108,1.3775,1.3518,1.2254,0.97232,0.26629,0,0.17655,0.95519,1.1701,1.213,1.1827,1.152,1.1382,1.1257,1.1276,1.1948,1.2846,1.2673,1.1511,0.93728,0.58721,0.66853,0.93888
1.2752,1.27,1.2219,1.1558,1.1277,1.1393,1.1988,1.3215,1.45,1.4655,1.3776,1.2765,1.1931,1.1073,0.96747,0.68441,0.087883,0.066712,0.62375,0.87547,1.0102,1.0932,1.1514,1.1883,1.1861,1.0981,0.95627,0.96132,1.0784,1.1813,1.2492,1.2713,1.2406,1.1819,1.1237,1.0901,1.0959,1.1272,1.1645,1.2054,1.2498,1.2762,1.257,1.1917,1.065,0.77539,0.11189,0.47805,0.93657,1.1173,1.1666,1.1596,1.1452,1.1389,1.1306,1.1326,1.1855,1.2525,1.2408,1.166,1.0567,0.93115,0.96414,1.0888
1.3063,1.2959,1.2301,1.167,1.1328,1.1369,1.1893,1.2932,1.3943,1.3924,1.3078,1.2286,1.1754,1.1274,1.0506,0.90203,0.69029,0.59899,0.72661,0.88745,1.0075,1.0943,1.1546,1.1861,1.1781,1.1059,1.0019,1.0123,1.0985,1.1562,1.1728,1.1602,1.1463,1.1446,1.1467,1.1512,1.1584,1.1618,1.1576,1.1486,1.1423,1.1476,1.1601,1.1591,1.1247,1.0247,0.85463,0.84055,1.005,1.1167,1.1601,1.1647,1.1568,1.1521,1.1512,1.1599,1.193,1.229,1.2196,1.1769,1.1302,1.0983,1.1328,1.205
1.3027,1.2908,1.231,1.1922,1.1648,1.1553,1.1739,1.2078,1.2155,1.1705,1.1323,1.1315,1.1428,1.1488,1.1337,1.075,0.97748,0.91061,0.92425,0.98657,1.0623,1.139,1.2004,1.2274,1.2094,1.1404,1.0625,1.0743,1.1297,1.1433,1.0977,1.0182,1.0056,1.0867,1.1863,1.2576,1.2708,1.2259,1.1492,1.0592,0.98115,0.97539,1.0522,1.1289,1.1592,1.1368,1.0673,1.0293,1.0746,1.1294,1.1601,1.1693,1.1651,1.1591,1.1577,1.1579,1.1566,1.1591,1.1614,1.1549,1.1474,1.1538,1.1889,1.2367
1.2539,1.2377,1.2067,1.2134,1.2099,1.1872,1.1577,1.0958,0.94743,0.78332,0.85031,1.009,1.1171,1.1875,1.2291,1.2171,1.1468,1.0784,1.0581,1.081,1.1356,1.2171,1.2978,1.324,1.2735,1.1721,1.0884,1.1017,1.1546,1.1548,1.0694,0.91907,0.88011,1.035,1.2378,1.391,1.4184,1.3157,1.1448,0.93826,0.74387,0.73895,0.94275,1.1251,1.2096,1.2161,1.1716,1.1284,1.1266,1.1431,1.1554,1.1604,1.1597,1.1574,1.154,1.136,1.0893,1.0409,1.041,1.0756,1.1108,1.1469,1.183,1.2087
1.1905,1.1705,1.1662,1.2142,1.2392,1.2115,1.1467,1.0114,0.68869,0.12319,0.5503,0.93127,1.1307,1.2685,1.3791,1.398,1.2995,1.1894,1.1355,1.1351,1.1828,1.2874,1.426,1.4836,1.3828,1.2185,1.1105,1.1177,1.1839,1.2067,1.134,0.98508,0.93179,1.0662,1.2673,1.4324,1.4652,1.3516,1.1623,0.93565,0.7233,0.72781,0.98338,1.2183,1.317,1.3044,1.2418,1.1891,1.1671,1.1581,1.1486,1.1411,1.142,1.1505,1.1545,1.1261,1.0373,0.91585,0.8619,0.91427,1.0047,1.0897,1.1434,1.1605
1.1669,1.147,1.149,1.2022,1.234,1.2094,1.1446,1.0169,0.73626,0.39707,0.67498,0.99187,1.1842,1.3615,1.5533,1.6076,1.45,1.2736,1.1752,1.1479,1.1859,1.3054,1.4996,1.6223,1.4984,1.2803,1.1529,1.1499,1.225,1.2897,1.2715,1.1745,1.1132,1.1527,1.2478,1.3366,1.3534,1.2871,1.183,1.0764,1.0048,1.0447,1.2242,1.4131,1.4598,1.3775,1.2789,1.2234,1.1993,1.1758,1.1418,1.1099,1.1008,1.1187,1.1439,1.1338,1.0477,0.90734,0.79958,0.79677,0.89204,1.0243,1.1151,1.1424
1.2207,1.1919,1.1671,1.179,1.1902,1.1767,1.1461,1.0901,0.98483,0.90081,0.97914,1.1026,1.2123,1.3645,1.5746,1.6503,1.4954,1.3081,1.1823,1.1254,1.1478,1.2621,1.4419,1.5687,1.4849,1.2838,1.1639,1.1609,1.2346,1.3262,1.3635,1.3146,1.2404,1.2027,1.2041,1.2218,1.225,1.203,1.1723,1.1517,1.1621,1.2347,1.3803,1.5126,1.493,1.3603,1.2564,1.223,1.2212,1.2006,1.1421,1.0667,1.0168,1.0243,1.0819,1.1351,1.1276,1.0678,1.0017,0.9605,0.9737,1.0628,1.1638,1.2012
1.3405,1.2814,1.1837,1.1151,1.0951,1.1116,1.1425,1.177,1.2106,1.2184,1.1938,1.1722,1.1731,1.228,1.3615,1.4425,1.3846,1.2765,1.1683,1.086,1.088,1.1909,1.3137,1.3734,1.3109,1.1585,1.0651,1.0809,1.152,1.2379,1.306,1.3157,1.2674,1.2018,1.1442,1.1048,1.0928,1.104,1.1243,1.1505,1.1919,1.2628,1.3584,1.4174,1.3651,1.2462,1.1719,1.1808,1.2291,1.2408,1.1759,1.0615,0.95936,0.93803,1.0174,1.1221,1.1751,1.1732,1.1487,1.125,1.1212,1.1702,1.2688,1.3277
1.4204,1.3351,1.1263,0.93472,0.89083,0.99473,1.1317,1.281,1.4509,1.509,1.3675,1.1963,1.0549,0.96175,1.0378,1.1864,1.2383,1.2187,1.1559,1.0634,1.0366,1.1315,1.2146,1.2248,1.1484,0.98874,0.86949,0.90083,0.99273,1.0814,1.1697,1.2313,1.2288,1.1685,1.068,0.94695,0.87879,0.92405,1.016,1.0945,1.1561,1.2112,1.2566,1.2645,1.2074,1.1108,1.0575,1.1072,1.2171,1.2776,1.2336,1.1297,1.0346,1.0029,1.0506,1.1245,1.1696,1.1803,1.1749,1.1686,1.1727,1.2109,1.3037,1.396
1.3445,1.2599,0.94701,0.5433,0.52201,0.8557,1.1288,1.3873,1.6852,1.7681,1.487,1.1746,0.88572,0.63269,0.75135,1.0159,1.1421,1.1745,1.1492,1.0575,0.9857,1.0751,1.1567,1.1632,1.1029,0.97251,0.83909,0.83271,0.91589,1.0032,1.0955,1.1743,1.1941,1.1443,1.023,0.81199,0.59263,0.65035,0.86585,1.0204,1.1063,1.1528,1.1733,1.1608,1.1009,1.0058,0.95569,1.0349,1.1794,1.261,1.2422,1.1759,1.1176,1.0946,1.1103,1.1397,1.1559,1.1573,1.156,1.1585,1.1667,1.1931,1.2527,1.3243
1.2265,1.1505,0.83736,0.30957,0.44231,0.87839,1.1489,1.3896,1.6588,1.7079,1.433,1.1276,0.82027,0.55101,0.70354,0.97241,1.1064,1.1518,1.1361,1.0206,0.85616,0.96008,1.1023,1.1448,1.125,1.0628,0.99719,0.98907,1.0344,1.0902,1.1502,1.2006,1.2046,1.156,1.0537,0.87132,0.64693,0.65948,0.87577,1.0329,1.1091,1.1397,1.1429,1.1165,1.0498,0.9539,0.91107,0.99905,1.1323,1.2042,1.2029,1.1718,1.1493,1.1475,1.1595,1.1661,1.1554,1.1374,1.13,1.1355,1.1451,1.1624,1.1945,1.2289
1.1704,1.1209,0.93178,0.69499,0.79116,1.0142,1.1624,1.2933,1.4269,1.434,1.2843,1.1056,0.91415,0.78032,0.87141,1.028,1.1177,1.1488,1.1143,0.91869,0.51341,0.68922,1.0123,1.1376,1.1644,1.1459,1.1197,1.1242,1.1694,1.236,1.2918,1.2976,1.2493,1.1829,1.1107,1.0225,0.94641,0.97748,1.0835,1.1538,1.1764,1.1731,1.1531,1.1131,1.0477,0.97217,0.94746,1.0155,1.109,1.1569,1.1567,1.1439,1.1484,1.1741,1.204,1.2109,1.1846,1.1466,1.1236,1.1176,1.1163,1.1232,1.1482,1.17
1.1562,1.1356,1.0577,0.97596,1.0253,1.1094,1.1563,1.1853,1.2087,1.2108,1.1779,1.1182,1.0387,0.99436,1.04,1.1095,1.1544,1.1638,1.0903,0.75368,0,0,0.88289,1.1411,1.2221,1.2158,1.1811,1.1726,1.2167,1.3071,1.3964,1.392,1.2887,1.1946,1.1422,1.1205,1.1463,1.232,1.3017,1.3012,1.263,1.219,1.1761,1.1307,1.0814,1.039,1.0312,1.0721,1.1255,1.1462,1.1325,1.1182,1.1343,1.1798,1.2307,1.2532,1.2321,1.1921,1.159,1.1255,1.0808,1.0558,1.0938,1.129
1.1593,1.161,1.1549,1.1493,1.1669,1.1692,1.1378,1.0681,1.0051,1.0511,1.1285,1.1558,1.1438,1.1338,1.1517,1.1801,1.2048,1.2035,1.0907,0.68413,0,0.26263,0.8826,1.1967,1.3219,1.2895,1.1953,1.1471,1.1831,1.281,1.3859,1.4018,1.2905,1.1861,1.1473,1.1564,1.2257,1.3543,1.4346,1.3967,1.3112,1.238,1.1859,1.1481,1.1198,1.104,1.1099,1.1403,1.1721,1.1729,1.1426,1.1165,1.1261,1.1663,1.211,1.2344,1.226,1.2056,1.1892,1.1543,1.0648,0.95966,1.0128,1.0855
1.1687,1.1862,1.2288,1.2763,1.2825,1.2278,1.1158,0.92703,0.79408,0.94444,1.1294,1.2139,1.2262,1.2155,1.219,1.2412,1.2783,1.2964,1.1916,0.95718,0.82777,0.90295,1.0854,1.297,1.4265,1.3496,1.158,1.0569,1.0999,1.2045,1.2991,1.3287,1.2552,1.174,1.1481,1.1612,1.2221,1.34,1.4261,1.3871,1.2923,1.2189,1.1762,1.153,1.1417,1.1424,1.1599,1.1935,1.2218,1.2128,1.1703,1.1344,1.1317,1.1498,1.1636,1.16,1.1463,1.1465,1.1628,1.1618,1.0924,0.92502,0.93203,1.0383
1.1753,1.2024,1.2774,1.3735,1.3984,1.3098,1.1238,0.84997,0.72122,0.95175,1.1861,1.2812,1.2731,1.2438,1.249,1.2985,1.3886,1.4438,1.3447,1.1938,1.1202,1.1248,1.1907,1.3078,1.4098,1.3506,1.1256,0.98115,1.0354,1.141,1.2109,1.2312,1.1993,1.1655,1.1563,1.1615,1.1903,1.2533,1.3088,1.2841,1.2145,1.1672,1.148,1.1425,1.144,1.1544,1.179,1.2164,1.2446,1.2317,1.1851,1.1488,1.142,1.1472,1.1416,1.1171,1.0869,1.0861,1.1204,1.1491,1.1259,0.99087,0.92007,1.0047
1.1737,1.2041,1.2917,1.4182,1.4845,1.4032,1.1999,0.97249,0.91553,1.0909,1.2788,1.3274,1.2675,1.2162,1.2352,1.3352,1.4809,1.5112,1.3808,1.2477,1.1753,1.1555,1.1804,1.2446,1.315,1.3111,1.1761,1.0334,1.0519,1.1238,1.1577,1.1538,1.14,1.1535,1.1652,1.1653,1.1698,1.1821,1.1795,1.1302,1.0747,1.0702,1.0935,1.1139,1.1282,1.1452,1.1725,1.2072,1.2299,1.2163,1.177,1.151,1.1485,1.1529,1.1518,1.141,1.1214,1.1103,1.124,1.1436,1.1328,1.0341,0.9374,0.98406
1.1679,1.1952,1.269,1.3772,1.4618,1.4265,1.2736,1.1293,1.1094,1.2194,1.3337,1.3202,1.219,1.1536,1.1823,1.3129,1.456,1.4526,1.3379,1.2226,1.141,1.0985,1.1027,1.1531,1.2221,1.2668,1.2495,1.1767,1.1427,1.1492,1.142,1.1151,1.0967,1.1292,1.1608,1.1648,1.1627,1.1564,1.1243,1.0358,0.93606,0.94487,1.0191,1.0728,1.1017,1.1252,1.1532,1.1809,1.1943,1.1822,1.159,1.1496,1.151,1.1535,1.1646,1.19,1.2122,1.2075,1.1821,1.1526,1.1029,0.97575,0.88442,0.94828
1.1645,1.1821,1.2193,1.2682,1.3277,1.3371,1.2538,1.1644,1.1593,1.236,1.3012,1.2634,1.1612,1.0924,1.1147,1.2313,1.3428,1.3475,1.2701,1.1586,1.0291,0.9095,0.88318,0.98464,1.1181,1.2189,1.2838,1.2997,1.2527,1.1945,1.1512,1.1115,1.0771,1.0823,1.1187,1.1412,1.151,1.1515,1.1318,1.0689,0.96783,0.93194,0.99305,1.0514,1.0836,1.1103,1.1376,1.1584,1.1649,1.1584,1.1556,1.1642,1.1667,1.1617,1.18,1.244,1.3185,1.33,1.2622,1.1614,1.0298,0.80506,0.74329,0.89601
1.1752,1.1787,1.1733,1.1659,1.1891,1.2052,1.1537,1.0875,1.0963,1.17,1.2215,1.1941,1.1132,1.0445,1.0475,1.1324,1.2238,1.2506,1.208,1.0991,0.88653,0.48582,0,0.57918,0.96333,1.1597,1.2742,1.3418,1.3142,1.2267,1.1664,1.1247,1.0742,1.0159,1.012,1.067,1.1157,1.1414,1.1468,1.1286,1.0855,1.0495,1.0538,1.0682,1.0797,1.1018,1.1292,1.1487,1.1574,1.1649,1.1865,1.2148,1.2229,1.2153,1.2365,1.3159,1.4083,1.4166,1.3141,1.1591,0.95989,0.66304,0.6763,0.90153
1.2267,1.2167,1.1731,1.1314,1.1275,1.1189,1.0512,0.97627,1.0048,1.1008,1.1592,1.1466,1.0832,1.0148,0.99746,1.0533,1.1368,1.1883,1.1841,1.1164,0.94502,0.51507,0,0,0.80078,1.103,1.2405,1.3103,1.2934,1.2193,1.172,1.1399,1.0835,0.97114,0.86988,0.92928,1.0446,1.1159,1.1493,1.1595,1.1505,1.1276,1.0991,1.0666,1.0499,1.0714,1.1111,1.1429,1.1651,1.1928,1.2394,1.2893,1.3102,1.3057,1.3156,1.3589,1.4003,1.3794,1.2859,1.1583,1.006,0.82994,0.87976,1.0384
1.3391,1.3202,1.237,1.1679,1.143,1.1157,1.0434,0.9652,0.99318,1.0872,1.1406,1.135,1.0882,1.031,1.0023,1.024,1.0858,1.1517,1.1866,1.1747,1.105,0.94203,0.65331,0.53028,0.844,1.0955,1.2157,1.2557,1.2241,1.1765,1.1651,1.1535,1.1065,0.99107,0.82931,0.81966,0.96726,1.0841,1.1438,1.1683,1.1653,1.1336,1.0746,0.99881,0.9501,0.98188,1.0583,1.1209,1.1636,1.2072,1.2669,1.3261,1.3495,1.3361,1.3164,1.3058,1.2934,1.2618,1.212,1.1574,1.1042,1.0694,1.1359,1.2381
1.4764,1.4399,1.3148,1.2163,1.1753,1.1526,1.1153,1.0672,1.067,1.1142,1.1476,1.1519,1.1336,1.1013,1.0691,1.0562,1.0768,1.1294,1.1918,1.2318,1.2273,1.1693,1.062,0.97449,1.0244,1.1467,1.2222,1.2247,1.1685,1.1347,1.1564,1.1689,1.1404,1.0587,0.93635,0.88538,0.97444,1.0821,1.1473,1.1747,1.1668,1.1207,1.0396,0.93422,0.84884,0.86857,0.97518,1.0714,1.1311,1.1778,1.2314,1.2804,1.2949,1.2719,1.231,1.1843,1.141,1.1188,1.1226,1.1385,1.1623,1.2136,1.3113,1.4058
1.4922,1.4319,1.3067,1.2081,1.1755,1.1778,1.1816,1.1617,1.1264,1.1227,1.1475,1.179,1.2027,1.1966,1.1592,1.1211,1.1086,1.1342,1.2014,1.2891,1.3412,1.3137,1.2244,1.1398,1.1325,1.1975,1.249,1.2296,1.1579,1.1259,1.1604,1.188,1.174,1.1254,1.064,1.0359,1.0707,1.1285,1.1726,1.1937,1.1831,1.135,1.0593,0.97251,0.9,0.88888,0.95243,1.0312,1.0845,1.1236,1.1661,1.2022,1.2075,1.1722,1.0973,0.98367,0.8733,0.87011,0.97127,1.0815,1.1746,1.2769,1.3793,1.4342
1.3385,1.2834,1.1845,1.1202,1.1343,1.1774,1.2063,1.1859,1.1126,1.0871,1.1333,1.2065,1.2747,1.2907,1.2464,1.1886,1.1527,1.1547,1.2099,1.3228,1.437,1.4364,1.313,1.1901,1.1562,1.2088,1.2667,1.2486,1.1746,1.1422,1.1757,1.2054,1.1934,1.1592,1.1351,1.1399,1.1648,1.1889,1.2075,1.2201,1.2158,1.183,1.13,1.0768,1.0383,1.0253,1.0394,1.0641,1.0836,1.1054,1.1347,1.1544,1.138,1.0606,0.88306,0.53488,0,0.31421,0.74672,0.99313,1.1395,1.2437,1.2971,1.295
1.1743,1.0875,0.9355,0.9357,1.0597,1.1592,1.2004,1.1613,1.0608,1.0506,1.1291,1.2255,1.3114,1.3396,1.3001,1.2368,1.1811,1.1544,1.1841,1.2908,1.4378,1.4859,1.3604,1.204,1.1463,1.1921,1.2599,1.2522,1.1829,1.1525,1.1855,1.214,1.1959,1.1599,1.1482,1.1746,1.2129,1.2312,1.2339,1.2378,1.2429,1.2299,1.1924,1.1513,1.1259,1.1215,1.1325,1.1448,1.1491,1.1544,1.1649,1.1601,1.1082,0.96092,0.6159,0,0,0.44853,0.82572,1.0141,1.1158,1.172,1.1842,1.1731
1.0401,0.82174,0.41969,0.67669,0.9957,1.1521,1.2032,1.1535,1.0557,1.0692,1.1427,1.2059,1.2533,1.2785,1.2713,1.2361,1.1814,1.1262,1.1192,1.2058,1.3476,1.4197,1.3379,1.1882,1.1147,1.1545,1.2274,1.231,1.1716,1.1458,1.1823,1.2146,1.1949,1.154,1.1391,1.1684,1.2211,1.2532,1.2556,1.2523,1.2557,1.2463,1.2102,1.1683,1.1458,1.1503,1.1751,1.2075,1.2345,1.2509,1.2543,1.2308,1.1563,0.99496,0.74851,0.63129,0.78029,0.94434,1.0482,1.1123,1.1495,1.1646,1.1575,1.1465
0.94817,0.58837,0,0.65271,1.0224,1.1928,1.255,1.2088,1.1253,1.1275,1.149,1.1291,1.0935,1.1223,1.1766,1.1946,1.1693,1.1082,1.0666,1.1321,1.2525,1.3065,1.2463,1.1071,1.018,1.07,1.1688,1.1975,1.1583,1.1391,1.177,1.2127,1.1983,1.1593,1.1404,1.161,1.2147,1.2648,1.2827,1.2793,1.269,1.2422,1.1926,1.1403,1.1155,1.1301,1.1708,1.2212,1.2736,1.3239,1.3571,1.3491,1.2863,1.1726,1.0622,1.0361,1.0701,1.1082,1.1412,1.1751,1.2079,1.2247,1.2171,1.2085
1.0254,0.83135,0.70847,0.92676,1.1383,1.2874,1.3549,1.295,1.1995,1.1693,1.136,1.0321,0.93087,0.98869,1.0971,1.1572,1.1698,1.1406,1.1044,1.1472,1.2188,1.2252,1.1446,0.97305,0.83517,0.93207,1.0991,1.1695,1.1551,1.1419,1.1761,1.2081,1.1963,1.1627,1.1472,1.1634,1.2073,1.2603,1.294,1.2991,1.2781,1.2296,1.1581,1.0852,1.052,1.079,1.1356,1.1895,1.2383,1.2999,1.3817,1.4433,1.4303,1.3407,1.2349,1.1711,1.1488,1.1484,1.1669,1.2135,1.2879,1.3524,1.3621,1.347
1.1655,1.0908,1.0532,1.1244,1.2449,1.3742,1.4183,1.3164,1.208,1.1686,1.1248,1.0193,0.94332,0.99681,1.0853,1.1455,1.1783,1.1899,1.1929,1.2158,1.2265,1.1904,1.0941,0.90444,0.71727,0.84526,1.0674,1.1604,1.1517,1.1346,1.1646,1.1921,1.1766,1.1413,1.1318,1.1546,1.1914,1.2288,1.2596,1.2745,1.2585,1.2051,1.1241,1.0407,1.0041,1.0404,1.104,1.15,1.1782,1.2206,1.3146,1.4448,1.5088,1.4379,1.3069,1.2078,1.1558,1.1379,1.1571,1.234,1.3672,1.4845,1.4912,1.435
1.222,1.1826,1.1598,1.1857,1.2617,1.3515,1.351,1.2456,1.1619,1.1454,1.1464,1.1166,1.0843,1.0902,1.1183,1.1474,1.1718,1.1908,1.2059,1.2198,1.2125,1.1759,1.1059,0.98274,0.86207,0.9455,1.1214,1.1867,1.1464,1.1054,1.133,1.1645,1.1447,1.0941,1.0808,1.1176,1.1601,1.1837,1.1983,1.2141,1.2124,1.1751,1.1117,1.0485,1.0242,1.0554,1.1052,1.1357,1.146,1.1668,1.2378,1.365,1.4639,1.429,1.305,1.1937,1.1247,1.0962,1.1243,1.2276,1.3726,1.4756,1.4688,1.4069
1.2059,1.1707,1.1308,1.1191,1.1518,1.2076,1.2164,1.169,1.1301,1.1431,1.1891,1.2095,1.1896,1.163,1.1485,1.1437,1.1391,1.1239,1.1019,1.1135,1.146,1.1544,1.1357,1.0953,1.0664,1.1298,1.243,1.263,1.1723,1.0933,1.1103,1.1491,1.1328,1.0633,1.0283,1.0706,1.1263,1.1489,1.1517,1.1621,1.1711,1.157,1.1239,1.0909,1.0776,1.0915,1.1175,1.1321,1.1286,1.1294,1.1691,1.2549,1.3333,1.3305,1.254,1.1639,1.0922,1.0591,1.098,1.2036,1.3065,1.3566,1.3497,1.3219
1.1345,1.0772,0.98653,0.94085,0.97508,1.0698,1.1374,1.1481,1.1403,1.1618,1.2137,1.2452,1.231,1.1945,1.1585,1.1251,1.0806,1.0018,0.90175,0.90837,1.0246,1.1121,1.15,1.1625,1.1804,1.2472,1.3463,1.3575,1.2421,1.1342,1.1273,1.1696,1.1746,1.1097,1.0526,1.0728,1.1225,1.1424,1.1346,1.1336,1.1447,1.1489,1.1404,1.1249,1.1097,1.1046,1.1115,1.1133,1.0929,1.0662,1.0756,1.1343,1.2002,1.2242,1.1988,1.1432,1.0753,1.028,1.0593,1.153,1.2228,1.2395,1.2258,1.2156
1.0955,1.0339,0.93632,0.9022,0.95691,1.0646,1.1416,1.161,1.151,1.1562,1.1917,1.2234,1.2218,1.1931,1.1513,1.0961,1.0074,0.84791,0.63406,0.62989,0.8649,1.0512,1.1458,1.1855,1.2074,1.2561,1.3452,1.3817,1.2927,1.1833,1.1569,1.2069,1.2563,1.2252,1.1562,1.1347,1.1539,1.1627,1.1434,1.1246,1.1281,1.1417,1.1478,1.138,1.1157,1.0998,1.1002,1.0948,1.0557,0.9968,0.98106,1.0372,1.1126,1.1569,1.1585,1.1183,1.0328,0.92694,0.91696,1.03,1.1282,1.163,1.1574,1.1485
1.131,1.1046,1.0672,1.0613,1.0966,1.1549,1.1881,1.1743,1.1334,1.105,1.1158,1.1513,1.1754,1.1725,1.1442,1.0869,0.98096,0.79714,0.57474,0.57717,0.81706,1.0263,1.1433,1.1839,1.1836,1.1984,1.2628,1.3172,1.2783,1.1915,1.1549,1.2131,1.3077,1.3115,1.2337,1.1732,1.1636,1.1728,1.1609,1.1339,1.1249,1.1381,1.1499,1.1416,1.1168,1.1037,1.111,1.1084,1.068,1.0054,0.98288,1.031,1.0999,1.1419,1.1421,1.0876,0.9447,0.69074,0.54177,0.76514,0.99754,1.1144,1.1465,1.1454
1.1883,1.1788,1.1677,1.1729,1.2031,1.2361,1.236,1.1897,1.1168,1.05,1.0263,1.0611,1.119,1.1569,1.1609,1.1292,1.057,0.94837,0.85636,0.86792,0.97237,1.0884,1.1651,1.179,1.1472,1.1337,1.1784,1.2345,1.2319,1.1727,1.1258,1.1774,1.2858,1.3018,1.2237,1.1361,1.1084,1.1412,1.1677,1.1559,1.1379,1.142,1.1527,1.147,1.1285,1.1264,1.1404,1.1406,1.1141,1.0794,1.0729,1.1074,1.1544,1.1807,1.1658,1.0842,0.88621,0.4899,0,0.39954,0.84814,1.09,1.1838,1.1947
1.2382,1.2129,1.1767,1.1766,1.2132,1.25,1.252,1.209,1.1359,1.058,1.0109,1.0285,1.099,1.1726,1.2147,1.216,1.1817,1.1306,1.0938,1.0925,1.1195,1.1565,1.182,1.1673,1.113,1.0814,1.1168,1.1741,1.1948,1.1624,1.1069,1.134,1.2263,1.2378,1.1619,1.048,1.0032,1.0815,1.1674,1.1848,1.1611,1.1488,1.1506,1.1471,1.1405,1.1486,1.1597,1.1555,1.1417,1.1382,1.1584,1.1996,1.2449,1.2701,1.2464,1.152,0.98519,0.77242,0.61994,0.69342,0.91519,1.1327,1.2596,1.2902
1.2384,1.1914,1.1041,1.0911,1.1367,1.189,1.2154,1.2061,1.1675,1.117,1.0813,1.0873,1.1436,1.2266,1.2931,1.3111,1.2843,1.2439,1.2147,1.1988,1.1872,1.1782,1.1701,1.1436,1.0883,1.053,1.0847,1.1419,1.1744,1.1608,1.0984,1.0931,1.1674,1.1804,1.1132,0.98679,0.93307,1.0499,1.1792,1.2185,1.1868,1.1487,1.1259,1.1146,1.123,1.1454,1.1565,1.1499,1.1449,1.1642,1.2109,1.2744,1.341,1.3805,1.3497,1.2512,1.1376,1.0503,1.0088,1.0223,1.0867,1.1848,1.2702,1.3172
1.2131,1.1817,1.0952,1.0603,1.084,1.1276,1.1645,1.1825,1.177,1.1559,1.1387,1.1464,1.1918,1.2673,1.3332,1.3431,1.303,1.2591,1.2357,1.2219,1.2013,1.1769,1.16,1.1417,1.1057,1.0802,1.1001,1.1384,1.1595,1.1358,1.0423,1.0188,1.1124,1.149,1.1081,1.0086,0.97112,1.0779,1.2002,1.242,1.1993,1.1252,1.0552,1.0285,1.0707,1.1262,1.1534,1.1548,1.1568,1.1874,1.249,1.327,1.4022,1.4312,1.3787,1.2825,1.1996,1.1487,1.1259,1.126,1.146,1.1832,1.2215,1.2526
1.2058,1.2066,1.1769,1.1461,1.1315,1.1367,1.1548,1.1705,1.1694,1.1527,1.1366,1.1416,1.1806,1.2451,1.2943,1.2872,1.2395,1.1998,1.188,1.1892,1.1837,1.172,1.1674,1.1675,1.1566,1.1422,1.1413,1.1447,1.1277,1.0437,0.8713,0.89305,1.0655,1.1452,1.143,1.0873,1.0615,1.1211,1.2035,1.234,1.1813,1.0698,0.9509,0.93977,1.0398,1.1312,1.1821,1.2023,1.2143,1.2471,1.3065,1.3733,1.418,1.4056,1.3384,1.2597,1.201,1.1667,1.15,1.1452,1.1497,1.163,1.1817,1.2003
1.2152,1.2453,1.2839,1.2944,1.2666,1.2283,1.2044,1.1857,1.154,1.1067,1.0604,1.0448,1.083,1.1581,1.2157,1.2193,1.1856,1.1535,1.1414,1.1429,1.1455,1.1477,1.1579,1.1757,1.1869,1.1833,1.1668,1.1322,1.0465,0.83189,0.55958,0.77337,1.0486,1.1733,1.2085,1.1779,1.1362,1.144,1.1868,1.2048,1.1499,1.0292,0.92596,0.96604,1.0778,1.1669,1.2296,1.2706,1.2967,1.3278,1.3701,1.4043,1.4041,1.3585,1.2884,1.2238,1.1793,1.1539,1.1399,1.131,1.125,1.1253,1.1427,1.1624
1.2194,1.261,1.3381,1.3903,1.3756,1.3134,1.2525,1.1987,1.1352,1.054,0.9714,0.93939,0.99675,1.0959,1.1662,1.1861,1.1725,1.1505,1.1346,1.1261,1.122,1.1239,1.1365,1.1573,1.175,1.1792,1.1637,1.1165,1.002,0.78237,0.66592,0.89314,1.111,1.2315,1.2773,1.243,1.1797,1.1562,1.1716,1.1816,1.1495,1.0849,1.0481,1.0781,1.1326,1.1873,1.2443,1.2953,1.3286,1.3497,1.3633,1.3619,1.3377,1.2919,1.2365,1.1851,1.1465,1.122,1.1055,1.0899,1.0739,1.0674,1.0995,1.131
1.2048,1.2381,1.3074,1.3677,1.3712,1.3148,1.2484,1.1896,1.1258,1.0484,0.97721,0.96909,1.0383,1.1206,1.1699,1.1826,1.1726,1.1556,1.1411,1.1308,1.1242,1.124,1.134,1.1511,1.1661,1.1723,1.1639,1.1286,1.0456,0.92573,0.90139,1.0291,1.1749,1.2801,1.3174,1.2671,1.1959,1.1652,1.1706,1.1787,1.1653,1.136,1.1195,1.1291,1.1535,1.1901,1.2393,1.2843,1.3086,1.3173,1.3155,1.3019,1.2765,1.2421,1.203,1.1634,1.128,1.1004,1.0796,1.0614,1.0467,1.0475,1.0909,1.1254
