6.5084e-08,3.0312e-07,1.4118e-06,6.5752e-06,3.0623e-05,0.00014262,0.00066414,0.0030908,0.014343,0.065706,0.28427,0.99476,2.1468,2.8572,3.0752,3.1242,3.1242,3.0752,2.8572,2.1468,0.99476,0.28427,0.065706,0.014343,0.0030908,0.00066414,0.00014262,3.0623e-05,6.5752e-06,1.4118e-06,3.0312e-07,6.5084e-08
6.5084e-08,3.0312e-07,1.4118e-06,6.5752e-06,3.0623e-05,0.00014262,0.00066414,0.0030908,0.014343,0.065706,0.28427,0.99476,2.1468,2.8572,3.0752,3.1242,3.1242,3.0752,2.8572,2.1468,0.99476,0.28427,0.065706,0.014343,0.0030908,0.00066414,0.00014262,3.0623e-05,6.5752e-06,1.4118e-06,3.0312e-07,6.5084e-08
6.5084e-08,3.0312e-07,1.4118e-06,6.5752e-06,3.0623e-05,0.00014262,0.00066414,0.0030908,0.014343,0.065706,0.28427,0.99476,2.1468,2.8572,3.0752,3.1242,3.1242,3.0752,2.8572,2.1468,0.99476,0.28427,0.065706,0.014343,0.0030908,0.00066414,0.00014262,3.0623e-05,6.5752e-06,1.4118e-06,3.0312e-07,6.5084e-08
6.5084e-08,3.0312e-07,1.4118e-06,6.5752e-06,3.0623e-05,0.00014262,0.00066414,0.0030908,0.014343,0.065706,0.28427,0.99476,2.1468,2.8572,3.0752,3.1242,3.1242,3.0752,2.8572,2.1468,0.99476,0.28427,0.065706,0.014343,0.0030908,0.00066414,0.00014262,3.0623e-05,6.5752e-06,1.4118e-06,3.0312e-07,6.5084e-08
6.5084e-08,3.0312e-07,1.4118e-06,6.5752e-06,3.0623e-05,0.00014262,0.00066414,0.0030908,0.014343,0.065706,0.28427,0.99476,2.1468,2.8572,3.0752,3.1242,3.1242,3.0752,2.8572,2.1468,0.99476,0.28427,0.065706,0.014343,0.0030908,0.00066414,0.00014262,3.0623e-05,6.5752e-06,1.4118e-06,3.0312e-07,6.5084e-08
6.5084e-08,3.0312e-07,1.4118e-06,6.5752e-06,3.0623e-05,0.00014262,0.00066414,0.0030908,0.014343,0.065706,0.28427,0.99476,2.1468,2.8572,3.0752,3.1242,3.1242,3.0752,2.8572,2.1468,0.99476,0.28427,0.065706,0.014343,0.0030908,0.00066414,0.00014262,3.0623e-05,6.5752e-06,1.4118e-06,3.0312e-07,6.5084e-08
6.5084e-08,3.0312e-07,1.4118e-06,6.5752e-06,3.0623e-05,0.00014262,0.00066414,0.0030908,0.014343,0.065706,0.28427,0.99476,2.1468,2.8572,3.0752,3.1242,3.1242,3.0752,2.8572,2.1468,0.99476,0.28427,0.065706,0.014343,0.0030908,0.00066414,0.00014262,3.0623e-05,6.5752e-06,1.4118e-06,3.0312e-07,6.5084e-08
6.5084e-08,3.0312e-07,1.4118e-06,6.5752e-06,3.0623e-05,0.00014262,0.00066414,0.0030908,0.014343,0.065706,0.28427,0.99476,2.1468,2.8572,3.0752,3.1242,3.1242,3.0752,2.8572,2.1468,0.99476,0.28427,0.065706,0.014343,0.0030908,0.00066414,0.00014262,3.0623e-05,6.5752e-06,1.4118e-06,3.0312e-07,6.5084e-08
6.5084e-08,3.0312e-07,1.4118e-06,6.5752e-06,3.0623e-05,0.00014262,0.00066414,0.0030908,0.014343,0.065706,0.28427,0.99476,2.1468,2.8572,3.0752,3.1242,3.1242,3.0752,2.8572,2.1468,0.99476,0.28427,0.065706,0.014343,0.0030908,0.00066414,0.00014262,3.0623e-05,6.5752e-06,1.4118e-06,3.0312e-07,6.5084e-08
6.5084e-08,3.0312e-07,1.4118e-06,6.5752e-06,3.0623e-05,0.00014262,0.00066414,0.0030908,0.014343,0.065706,0.28427,0.99476,2.1468,2.8572,3.0752,3.1242,3.1242,3.0752,2.8572,2.1468,0.99476,0.28427,0.065706,0.014343,0.0030908,0.00066414,0.00014262,3.0623e-05,6.5752e-06,1.4118e-06,3.0312e-07,6.5084e-08
6.5084e-08,3.0312e-07,1.4118e-06,6.5752e-06,3.0623e-05,0.00014262,0.00066414,0.0030908,0.014343,0.065706,0.28427,0.99476,2.1468,2.8572,3.0752,3.1242,3.1242,3.0752,2.8572,2.1468,0.99476,0.28427,0.065706,0.014343,0.0030908,0.00066414,0.00014262,3.0623e-05,6.5752e-06,1.4118e-06,3.0312e-07,6.5084e-08
6.5084e-08,3.0312e-07,1.4118e-06,6.5752e-06,3.0623e-05,0.00014262,0.00066414,0.0030908,0.014343,0.065706,0.28427,0.99476,2.1468,2.8572,3.0752,3.1242,3.1242,3.0752,2.8572,2.1468,0.99476,0.28427,0.065706,0.014343,0.0030908,0.00066414,0.00014262,3.0623e-05,6.5752e-06,1.4118e-06,3.0312e-07,6.5084e-08
6.5084e-08,3.0312e-07,1.4118e-06,6.5752e-06,3.0623e-05,0.00014262,0.00066414,0.0030908,0.014343,0.065706,0.28427,0.99476,2.1468,2.8572,3.0752,3.1242,3.1242,3.0752,2.8572,2.1468,0.99476,0.28427,0.065706,0.014343,0.0030908,0.00066414,0.00014262,3.0623e-05,6.5752e-06,1.4118e-06,3.0312e-07,6.5084e-08
6.5084e-08,3.0312e-07,1.4118e-06,6.5752e-06,3.0623e-05,0.00014262,0.00066414,0.0030908,0.014343,0.065706,0.28427,0.99476,2.1468,2.8572,3.0752,3.1242,3.1242,3.0752,2.8572,2.1468,0.99476,0.28427,0.065706,0.014343,0.0030908,0.00066414,0.00014262,3.0623e-05,6.5752e-06,1.4118e-06,3.0312e-07,6.5084e-08
6.5084e-08,3.0312e-07,1.4118e-06,6.5752e-06,3.0623e-05,0.00014262,0.00066414,0.0030908,0.014343,0.065706,0.28427,0.99476,2.1468,2.8572,3.0752,3.1242,3.1242,3.0752,2.8572,2.1468,0.99476,0.28427,0.065706,0.014343,0.0030908,0.00066414,0.00014262,3.0623e-05,6.5752e-06,1.4118e-06,3.0312e-07,6.5084e-08
6.5084e-08,3.0312e-07,1.4118e-06,6.5752e-06,3.0623e-05,0.00014262,0.00066414,0.0030908,0.014343,0.065706,0.28427,0.99476,2.1468,2.8572,3.0752,3.1242,3.1242,3.0752,2.8572,2.1468,0.99476,0.28427,0.065706,0.014343,0.0030908,0.00066414,0.00014262,3.0623e-05,6.5752e-06,1.4118e-06,3.0312e-07,6.5084e-08
6.5084e-08,3.0312e-07,1.4118e-06,6.5752e-06,3.0623e-05,0.00014262,0.00066414,0.0030908,0.014343,0.065706,0.28427,0.99476,2.1468,2.8572,3.0752,3.1242,3.1242,3.0752,2.8572,2.1468,0.99476,0.28427,0.065706,0.014343,0.0030908,0.00066414,0.00014262,3.0623e-05,6.5752e-06,1.4118e-06,3.0312e-07,6.5084e-08
6.5084e-08,3.0312e-07,1.4118e-06,6.5752e-06,3.0623e-05,0.00014262,0.00066414,0.0030908,0.014343,0.065706,0.28427,0.99476,2.1468,2.8572,3.0752,3.1242,3.1242,3.0752,2.8572,2.1468,0.99476,0.28427,0.065706,0.014343,0.0030908,0.00066414,0.00014262,3.0623e-05,6.5752e-06,1.4118e-06,3.0312e-07,6.5084e-08
6.5084e-08,3.0312e-07,1.4118e-06,6.5752e-06,3.0623e-05,0.00014262,0.00066414,0.0030908,0.014343,0.065706,0.28427,0.99476,2.1468,2.8572,3.0752,3.1242,3.1242,3.0752,2.8572,2.1468,0.99476,0.28427,0.065706,0.014343,0.0030908,0.00066414,0.00014262,3.0623e-05,6.5752e-06,1.4118e-06,3.0312e-07,6.5084e-08
6.5084e-08,3.0312e-07,1.4118e-06,6.5752e-06,3.0623e-05,0.00014262,0.00066414,0.0030908,0.014343,0.065706,0.28427,0.99476,2.1468,2.8572,3.0752,3.1242,3.1242,3.0752,2.8572,2.1468,0.99476,0.28427,0.065706,0.014343,0.0030908,0.00066414,0.00014262,3.0623e-05,6.5752e-06,1.4118e-06,3.0312e-07,6.5084e-08
6.5084e-08,3.0312e-07,1.4118e-06,6.5752e-06,3.0623e-05,0.00014262,0.00066414,0.0030908,0.014343,0.065706,0.28427,0.99476,2.1468,2.8572,3.0752,3.1242,3.1242,3.0752,2.8572,2.1468,0.99476,0.28427,0.065706,0.014343,0.0030908,0.00066414,0.00014262,3.0623e-05,6.5752e-06,1.4118e-06,3.0312e-07,6.5084e-08
6.5084e-08,3.0312e-07,1.4118e-06,6.5752e-06,3.0623e-05,0.00014262,0.00066414,0.0030908,0.014343,0.065706,0.28427,0.99476,2.1468,2.8572,3.0752,3.1242,3.1242,3.0752,2.8572,2.1468,0.99476,0.28427,0.065706,0.014343,0.0030908,0.00066414,0.00014262,3.0623e-05,6.5752e-06,1.4118e-06,3.0312e-07,6.5084e-08
6.5084e-08,3.0312e-07,1.4118e-06,6.5752e-06,3.0623e-05,0.00014262,0.00066414,0.0030908,0.014343,0.065706,0.28427,0.99476,2.1468,2.8572,3.0752,3.1242,3.1242,3.0752,2.8572,2.1468,0.99476,0.28427,0.065706,0.014343,0.0030908,0.00066414,0.00014262,3.0623e-05,6.5752e-06,1.4118e-06,3.0312e-07,6.5084e-08
6.5084e-08,3.0312e-07,1.4118e-06,6.5752e-06,3.0623e-05,0.00014262,0.00066414,0.0030908,0.014343,0.065706,0.28427,0.99476,2.1468,2.8572,3.0752,3.1242,3.1242,3.0752,2.8572,2.1468,0.99476,0.28427,0.065706,0.014343,0.0030908,0.00066414,0.00014262,3.0623e-05,6.5752e-06,1.4118e-06,3.0312e-07,6.5084e-08
6.5084e-08,3.0312e-07,1.4118e-06,6.5752e-06,3.0623e-05,0.00014262,0.00066414,0.0030908,0.014343,0.065706,0.28427,0.99476,2.1468,2.8572,3.0752,3.1242,3.1242,3.0752,2.8572,2.1468,0.99476,0.28427,0.065706,0.014343,0.0030908,0.00066414,0.00014262,3.0623e-05,6.5752e-06,1.4118e-06,3.0312e-07,6.5084e-08
6.5084e-08,3.0312e-07,1.4118e-06,6.5752e-06,3.0623e-05,0.00014262,0.00066414,0.0030908,0.014343,0.065706,0.28427,0.99476,2.1468,2.8572,3.0752,3.1242,3.1242,3.0752,2.8572,2.1468,0.99476,0.28427,0.065706,0.014343,0.0030908,0.00066414,0.00014262,3.0623e-05,6.5752e-06,1.4118e-06,3.0312e-07,6.5084e-08
6.5084e-08,3.0312e-07,1.4118e-06,6.5752e-06,3.0623e-05,0.00014262,0.00066414,0.0030908,0.014343,0.065706,0.28427,0.99476,2.1468,2.8572,3.0752,3.1242,3.1242,3.0752,2.8572,2.1468,0.99476,0.28427,0.065706,0.014343,0.0030908,0.00066414,0.00014262,3.0623e-05,6.5752e-06,1.4118e-06,3.0312e-07,6.5084e-08
6.5084e-08,3.0312e-07,1.4118e-06,6.5752e-06,3.0623e-05,0.00014262,0.00066414,0.0030908,0.014343,0.065706,0.28427,0.99476,2.1468,2.8572,3.0752,3.1242,3.1242,3.0752,2.8572,2.1468,0.99476,0.28427,0.065706,0.014343,0.0030908,0.00066414,0.00014262,3.0623e-05,6.5752e-06,1.4118e-06,3.0312e-07,6.5084e-08
6.5084e-08,3.0312e-07,1.4118e-06,6.5752e-06,3.0623e-05,0.00014262,0.00066414,0.0030908,0.014343,0.065706,0.28427,0.99476,2.1468,2.8572,3.0752,3.1242,3.1242,3.0752,2.8572,2.1468,0.99476,0.28427,0.065706,0.014343,0.0030908,0.00066414,0.00014262,3.0623e-05,6.5752e-06,1.4118e-06,3.0312e-07,6.5084e-08
6.5084e-08,3.0312e-07,1.4118e-06,6.5752e-06,3.0623e-05,0.00014262,0.00066414,0.0030908,0.014343,0.065706,0.28427,0.99476,2.1468,2.8572,3.0752,3.1242,3.1242,3.0752,2.8572,2.1468,0.99476,0.28427,0.065706,0.014343,0.0030908,0.00066414,0.00014262,3.0623e-05,6.5752e-06,1.4118e-06,3.0312e-07,6.5084e-08
6.5084e-08,3.0312e-07,1.4118e-06,6.5752e-06,3.0623e-05,0.00014262,0.00066414,0.0030908,0.014343,0.065706,0.28427,0.99476,2.1468,2.8572,3.0752,3.1242,3.1242,3.0752,2.8572,2.1468,0.99476,0.28427,0.065706,0.014343,0.0030908,0.00066414,0.00014262,3.0623e-05,6.5752e-06,1.4118e-06,3.0312e-07,6.5084e-08
6.5084e-08,3.0312e-07,1.4118e-06,6.5752e-06,3.0623e-05,0.00014262,0.00066414,0.0030908,0.014343,0.065706,0.28427,0.99476,2.1468,2.8572,3.0752,3.1242,3.1242,3.0752,2.8572,2.1468,0.99476,0.28427,0.065706,0.014343,0.0030908,0.00066414,0.00014262,3.0623e-05,6.5752e-06,1.4118e-06,3.0312e-07,6.5084e-08
