6.1453e-10,2.8621e-09,1.333e-08,6.2084e-08,2.8915e-07,1.3467e-06,6.2721e-06,2.9212e-05,0.00013605,0.00063351,0.0029482,0.013679,0.062616,0.26993,0.92906,1.8625,1.8625,0.92906,0.26993,0.062616,0.013679,0.0029482,0.00063351,0.00013605,2.9212e-05,6.2721e-06,1.3467e-06,2.8915e-07,6.2084e-08,1.333e-08,2.8621e-09,6.1453e-10
6.1453e-10,2.8621e-09,1.333e-08,6.2084e-08,2.8915e-07,1.3467e-06,6.2721e-06,2.9212e-05,0.00013605,0.00063351,0.0029482,0.013679,0.062616,0.26993,0.92906,1.8625,1.8625,0.92906,0.26993,0.062616,0.013679,0.0029482,0.00063351,0.00013605,2.9212e-05,6.2721e-06,1.3467e-06,2.8915e-07,6.2084e-08,1.333e-08,2.8621e-09,6.1453e-10
6.1453e-10,2.8621e-09,1.333e-08,6.2084e-08,2.8915e-07,1.3467e-06,6.2721e-06,2.9212e-05,0.00013605,0.00063351,0.0029482,0.013679,0.062616,0.26993,0.92906,1.8625,1.8625,0.92906,0.26993,0.062616,0.013679,0.0029482,0.00063351,0.00013605,2.9212e-05,6.2721e-06,1.3467e-06,2.8915e-07,6.2084e-08,1.333e-08,2.8621e-09,6.1453e-10
6.1453e-10,2.8621e-09,1.333e-08,6.2084e-08,2.8915e-07,1.3467e-06,6.2721e-06,2.9212e-05,0.00013605,0.00063351,0.0029482,0.013679,0.062616,0.26993,0.92906,1.8625,1.8625,0.92906,0.26993,0.062616,0.013679,0.0029482,0.00063351,0.00013605,2.9212e-05,6.2721e-06,1.3467e-06,2.8915e-07,6.2084e-08,1.333e-08,2.8621e-09,6.1453e-10
6.1453e-10,2.8621e-09,1.333e-08,6.2084e-08,2.8915e-07,1.3467e-06,6.2721e-06,2.9212e-05,0.00013605,0.00063351,0.0029482,0.013679,0.062616,0.26993,0.92906,1.8625,1.8625,0.92906,0.26993,0.062616,0.013679,0.0029482,0.00063351,0.00013605,2.9212e-05,6.2721e-06,1.3467e-06,2.8915e-07,6.2084e-08,1.333e-08,2.8621e-09,6.1453e-10
6.1453e-10,2.8621e-09,1.333e-08,6.2084e-08,2.8915e-07,1.3467e-06,6.2721e-06,2.9212e-05,0.00013605,0.00063351,0.0029482,0.013679,0.062616,0.26993,0.92906,1.8625,1.8625,0.92906,0.26993,0.062616,0.013679,0.0029482,0.00063351,0.00013605,2.9212e-05,6.2721e-06,1.3467e-06,2.8915e-07,6.2084e-08,1.333e-08,2.8621e-09,6.1453e-10
6.1453e-10,2.8621e-09,1.333e-08,6.2084e-08,2.8915e-07,1.3467e-06,6.2721e-06,2.9212e-05,0.00013605,0.00063351,0.0029482,0.013679,0.062616,0.26993,0.92906,1.8625,1.8625,0.92906,0.26993,0.062616,0.013679,0.0029482,0.00063351,0.00013605,2.9212e-05,6.2721e-06,1.3467e-06,2.8915e-07,6.2084e-08,1.333e-08,2.8621e-09,6.1453e-10
6.1453e-10,2.8621e-09,1.333e-08,6.2084e-08,2.8915e-07,1.3467e-06,6.2721e-06,2.9212e-05,0.00013605,0.00063351,0.0029482,0.013679,0.062616,0.26993,0.92906,1.8625,1.8625,0.92906,0.26993,0.062616,0.013679,0.0029482,0.00063351,0.00013605,2.9212e-05,6.2721e-06,1.3467e-06,2.8915e-07,6.2084e-08,1.333e-08,2.8621e-09,6.1453e-10
6.1453e-10,2.8621e-09,1.333e-08,6.2084e-08,2.8915e-07,1.3467e-06,6.2721e-06,2.9212e-05,0.00013605,0.00063351,0.0029482,0.013679,0.062616,0.26993,0.92906,1.8625,1.8625,0.92906,0.26993,0.062616,0.013679,0.0029482,0.00063351,0.00013605,2.9212e-05,6.2721e-06,1.3467e-06,2.8915e-07,6.2084e-08,1.333e-08,2.8621e-09,6.1453e-10
6.1453e-10,2.8621e-09,1.333e-08,6.2084e-08,2.8915e-07,1.3467e-06,6.2721e-06,2.9212e-05,0.00013605,0.00063351,0.0029482,0.013679,0.062616,0.26993,0.92906,1.8625,1.8625,0.92906,0.26993,0.062616,0.013679,0.0029482,0.00063351,0.00013605,2.9212e-05,6.2721e-06,1.3467e-06,2.8915e-07,6.2084e-08,1.333e-08,2.8621e-09,6.1453e-10
6.1453e-10,2.8621e-09,1.333e-08,6.2084e-08,2.8915e-07,1.3467e-06,6.2721e-06,2.9212e-05,0.00013605,0.00063351,0.0029482,0.013679,0.062616,0.26993,0.92906,1.8625,1.8625,0.92906,0.26993,0.062616,0.013679,0.0029482,0.00063351,0.00013605,2.9212e-05,6.2721e-06,1.3467e-06,2.8915e-07,6.2084e-08,1.333e-08,2.8621e-09,6.1453e-10
6.1453e-10,2.8621e-09,1.333e-08,6.2084e-08,2.8915e-07,1.3467e-06,6.2721e-06,2.9212e-05,0.00013605,0.00063351,0.0029482,0.013679,0.062616,0.26993,0.92906,1.8625,1.8625,0.92906,0.26993,0.062616,0.013679,0.0029482,0.00063351,0.00013605,2.9212e-05,6.2721e-06,1.3467e-06,2.8915e-07,6.2084e-08,1.333e-08,2.8621e-09,6.1453e-10
6.1453e-10,2.8621e-09,1.333e-08,6.2084e-08,2.8915e-07,1.3467e-06,6.2721e-06,2.9212e-05,0.00013605,0.00063351,0.0029482,0.013679,0.062616,0.26993,0.92906,1.8625,1.8625,0.92906,0.26993,0.062616,0.013679,0.0029482,0.00063351,0.00013605,2.9212e-05,6.2721e-06,1.3467e-06,2.8915e-07,6.2084e-08,1.333e-08,2.8621e-09,6.1453e-10
6.1453e-10,2.8621e-09,1.333e-08,6.2084e-08,2.8915e-07,1.3467e-06,6.2721e-06,2.9212e-05,0.00013605,0.00063351,0.0029482,0.013679,0.062616,0.26993,0.92906,1.8625,1.8625,0.92906,0.26993,0.062616,0.013679,0.0029482,0.00063351,0.00013605,2.9212e-05,6.2721e-06,1.3467e-06,2.8915e-07,6.2084e-08,1.333e-08,2.8621e-09,6.1453e-10
6.1453e-10,2.8621e-09,1.333e-08,6.2084e-08,2.8915e-07,1.3467e-06,6.2721e-06,2.9212e-05,0.00013605,0.00063351,0.0029482,0.013679,0.062616,0.26993,0.92906,1.8625,1.8625,0.92906,0.26993,0.062616,0.013679,0.0029482,0.00063351,0.00013605,2.9212e-05,6.2721e-06,1.3467e-06,2.8915e-07,6.2084e-08,1.333e-08,2.8621e-09,6.1453e-10
6.1453e-10,2.8621e-09,1.333e-08,6.2084e-08,2.8915e-07,1.3467e-06,6.2721e-06,2.9212e-05,0.00013605,0.00063351,0.0029482,0.013679,0.062616,0.26993,0.92906,1.8625,1.8625,0.92906,0.26993,0.062616,0.013679,0.0029482,0.00063351,0.00013605,2.9212e-05,6.2721e-06,1.3467e-06,2.8915e-07,6.2084e-08,1.333e-08,2.8621e-09,6.1453e-10
6.1453e-10,2.8621e-09,1.333e-08,6.2084e-08,2.8915e-07,1.3467e-06,6.2721e-06,2.9212e-05,0.00013605,0.00063351,0.0029482,0.013679,0.062616,0.26993,0.92906,1.8625,1.8625,0.92906,0.26993,0.062616,0.013679,0.0029482,0.00063351,0.00013605,2.9212e-05,6.2721e-06,1.3467e-06,2.8915e-07,6.2084e-08,1.333e-08,2.8621e-09,6.1453e-10
6.1453e-10,2.8621e-09,1.333e-08,6.2084e-08,2.8915e-07,1.3467e-06,6.2721e-06,2.9212e-05,0.00013605,0.00063351,0.0029482,0.013679,0.062616,0.26993,0.92906,1.8625,1.8625,0.92906,0.26993,0.062616,0.013679,0.0029482,0.00063351,0.00013605,2.9212e-05,6.2721e-06,1.3467e-06,2.8915e-07,6.2084e-08,1.333e-08,2.8621e-09,6.1453e-10
6.1453e-10,2.8621e-09,1.333e-08,6.2084e-08,2.8915e-07,1.3467e-06,6.2721e-06,2.9212e-05,0.00013605,0.00063351,0.0029482,0.013679,0.062616,0.26993,0.92906,1.8625,1.8625,0.92906,0.26993,0.062616,0.013679,0.0029482,0.00063351,0.00013605,2.9212e-05,6.2721e-06,1.3467e-06,2.8915e-07,6.2084e-08,1.333e-08,2.8621e-09,6.1453e-10
6.1453e-10,2.8621e-09,1.333e-08,6.2084e-08,2.8915e-07,1.3467e-06,6.2721e-06,2.9212e-05,0.00013605,0.00063351,0.0029482,0.013679,0.062616,0.26993,0.92906,1.8625,1.8625,0.92906,0.26993,0.062616,0.013679,0.0029482,0.00063351,0.00013605,2.9212e-05,6.2721e-06,1.3467e-06,2.8915e-07,6.2084e-08,1.333e-08,2.8621e-09,6.1453e-10
6.1453e-10,2.8621e-09,1.333e-08,6.2084e-08,2.8915e-07,1.3467e-06,6.2721e-06,2.9212e-05,0.00013605,0.00063351,0.0029482,0.013679,0.062616,0.26993,0.92906,1.8625,1.8625,0.92906,0.26993,0.062616,0.013679,0.0029482,0.00063351,0.00013605,2.9212e-05,6.2721e-06,1.3467e-06,2.8915e-07,6.2084e-08,1.333e-08,2.8621e-09,6.1453e-10
6.1453e-10,2.8621e-09,1.333e-08,6.2084e-08,2.8915e-07,1.3467e-06,6.2721e-06,2.9212e-05,0.00013605,0.00063351,0.0029482,0.013679,0.062616,0.26993,0.92906,1.8625,1.8625,0.92906,0.26993,0.062616,0.013679,0.0029482,0.00063351,0.00013605,2.9212e-05,6.2721e-06,1.3467e-06,2.8915e-07,6.2084e-08,1.333e-08,2.8621e-09,6.1453e-10
6.1453e-10,2.8621e-09,1.333e-08,6.2084e-08,2.8915e-07,1.3467e-06,6.2721e-06,2.9212e-05,0.00013605,0.00063351,0.0029482,0.013679,0.062616,0.26993,0.92906,1.8625,1.8625,0.92906,0.26993,0.062616,0.013679,0.0029482,0.00063351,0.00013605,2.9212e-05,6.2721e-06,1.3467e-06,2.8915e-07,6.2084e-08,1.333e-08,2.8621e-09,6.1453e-10
6.1453e-10,2.8621e-09,1.333e-08,6.2084e-08,2.8915e-07,1.3467e-06,6.2721e-06,2.9212e-05,0.00013605,0.00063351,0.0029482,0.013679,0.062616,0.26993,0.92906,1.8625,1.8625,0.92906,0.26993,0.062616,0.013679,0.0029482,0.00063351,0.00013605,2.9212e-05,6.2721e-06,1.3467e-06,2.8915e-07,6.2084e-08,1.333e-08,2.8621e-09,6.1453e-10
6.1453e-10,2.8621e-09,1.333e-08,6.2084e-08,2.8915e-07,1.3467e-06,6.2721e-06,2.9212e-05,0.00013605,0.00063351,0.0029482,0.013679,0.062616,0.26993,0.92906,1.8625,1.8625,0.92906,0.26993,0.062616,0.013679,0.0029482,0.00063351,0.00013605,2.9212e-05,6.2721e-06,1.3467e-06,2.8915e-07,6.2084e-08,1.333e-08,2.8621e-09,6.1453e-10
6.1453e-10,2.8621e-09,1.333e-08,6.2084e-08,2.8915e-07,1.3467e-06,6.2721e-06,2.9212e-05,0.00013605,0.00063351,0.0029482,0.013679,0.062616,0.26993,0.92906,1.8625,1.8625,0.92906,0.26993,0.062616,0.013679,0.0029482,0.00063351,0.00013605,2.9212e-05,6.2721e-06,1.3467e-06,2.8915e-07,6.2084e-08,1.333e-08,2.8621e-09,6.1453e-10
6.1453e-10,2.8621e-09,1.333e-08,6.2084e-08,2.8915e-07,1.3467e-06,6.2721e-06,2.9212e-05,0.00013605,0.00063351,0.0029482,0.013679,0.062616,0.26993,0.92906,1.8625,1.8625,0.92906,0.26993,0.062616,0.013679,0.0029482,0.00063351,0.00013605,2.9212e-05,6.2721e-06,1.3467e-06,2.8915e-07,6.2084e-08,1.333e-08,2.8621e-09,6.1453e-10
6.1453e-10,2.8621e-09,1.333e-08,6.2084e-08,2.8915e-07,1.3467e-06,6.2721e-06,2.9212e-05,0.00013605,0.00063351,0.0029482,0.013679,0.062616,0.26993,0.92906,1.8625,1.8625,0.92906,0.26993,0.062616,0.013679,0.0029482,0.00063351,0.00013605,2.9212e-05,6.2721e-06,1.3467e-06,2.8915e-07,6.2084e-08,1.333e-08,2.8621e-09,6.1453e-10
6.1453e-10,2.8621e-09,1.333e-08,6.2084e-08,2.8915e-07,1.3467e-06,6.2721e-06,2.9212e-05,0.00013605,0.00063351,0.0029482,0.013679,0.062616,0.26993,0.92906,1.8625,1.8625,0.92906,0.26993,0.062616,0.013679,0.0029482,0.00063351,0.00013605,2.9212e-05,6.2721e-06,1.3467e-06,2.8915e-07,6.2084e-08,1.333e-08,2.8621e-09,6.1453e-10
6.1453e-10,2.8621e-09,1.333e-08,6.2084e-08,2.8915e-07,1.3467e-06,6.2721e-06,2.9212e-05,0.00013605,0.00063351,0.0029482,0.013679,0.062616,0.26993,0.92906,1.8625,1.8625,0.92906,0.26993,0.062616,0.013679,0.0029482,0.00063351,0.00013605,2.9212e-05,6.2721e-06,1.3467e-06,2.8915e-07,6.2084e-08,1.333e-08,2.8621e-09,6.1453e-10
6.1453e-10,2.8621e-09,1.333e-08,6.2084e-08,2.8915e-07,1.3467e-06,6.2721e-06,2.9212e-05,0.00013605,0.00063351,0.0029482,0.013679,0.062616,0.26993,0.92906,1.8625,1.8625,0.92906,0.26993,0.062616,0.013679,0.0029482,0.00063351,0.00013605,2.9212e-05,6.2721e-06,1.3467e-06,2.8915e-07,6.2084e-08,1.333e-08,2.8621e-09,6.1453e-10
6.1453e-10,2.8621e-09,1.333e-08,6.2084e-08,2.8915e-07,1.3467e-06,6.2721e-06,2.9212e-05,0.00013605,0.00063351,0.0029482,0.013679,0.062616,0.26993,0.92906,1.8625,1.8625,0.92906,0.26993,0.062616,0.013679,0.0029482,0.00063351,0.00013605,2.9212e-05,6.2721e-06,1.3467e-06,2.8915e-07,6.2084e-08,1.333e-08,2.8621e-09,6.1453e-10
