1.3973e-08,6.5078e-08,3.031e-07,1.4116e-06,6.5746e-06,3.0621e-05,0.00014261,0.00066407,0.0030905,0.014342,0.0657,0.28425,0.99463,2.1462,2.8542,3.0615,3.0615,2.8542,2.1462,0.99463,0.28425,0.0657,0.014342,0.0030905,0.00066407,0.00014261,3.0621e-05,6.5746e-06,1.4116e-06,3.031e-07,6.5078e-08,1.3973e-08
1.3973e-08,6.5078e-08,3.031e-07,1.4116e-06,6.5746e-06,3.0621e-05,0.00014261,0.00066407,0.0030905,0.014342,0.0657,0.28425,0.99463,2.1462,2.8542,3.0615,3.0615,2.8542,2.1462,0.99463,0.28425,0.0657,0.014342,0.0030905,0.00066407,0.00014261,3.0621e-05,6.5746e-06,1.4116e-06,3.031e-07,6.5078e-08,1.3973e-08
1.3973e-08,6.5078e-08,3.031e-07,1.4116e-06,6.5746e-06,3.0621e-05,0.00014261,0.00066407,0.0030905,0.014342,0.0657,0.28425,0.99463,2.1462,2.8542,3.0615,3.0615,2.8542,2.1462,0.99463,0.28425,0.0657,0.014342,0.0030905,0.00066407,0.00014261,3.0621e-05,6.5746e-06,1.4116e-06,3.031e-07,6.5078e-08,1.3973e-08
1.3973e-08,6.5078e-08,3.031e-07,1.4116e-06,6.5746e-06,3.0621e-05,0.00014261,0.00066407,0.0030905,0.014342,0.0657,0.28425,0.99463,2.1462,2.8542,3.0615,3.0615,2.8542,2.1462,0.99463,0.28425,0.0657,0.014342,0.0030905,0.00066407,0.00014261,3.0621e-05,6.5746e-06,1.4116e-06,3.031e-07,6.5078e-08,1.3973e-08
1.3973e-08,6.5078e-08,3.031e-07,1.4116e-06,6.5746e-06,3.0621e-05,0.00014261,0.00066407,0.0030905,0.014342,0.0657,0.28425,0.99463,2.1462,2.8542,3.0615,3.0615,2.8542,2.1462,0.99463,0.28425,0.0657,0.014342,0.0030905,0.00066407,0.00014261,3.0621e-05,6.5746e-06,1.4116e-06,3.031e-07,6.5078e-08,1.3973e-08
1.3973e-08,6.5078e-08,3.031e-07,1.4116e-06,6.5746e-06,3.0621e-05,0.00014261,0.00066407,0.0030905,0.014342,0.0657,0.28425,0.99463,2.1462,2.8542,3.0615,3.0615,2.8542,2.1462,0.99463,0.28425,0.0657,0.014342,0.0030905,0.00066407,0.00014261,3.0621e-05,6.5746e-06,1.4116e-06,3.031e-07,6.5078e-08,1.3973e-08
1.3973e-08,6.5078e-08,3.031e-07,1.4116e-06,6.5746e-06,3.0621e-05,0.00014261,0.00066407,0.0030905,0.014342,0.0657,0.28425,0.99463,2.1462,2.8542,3.0615,3.0615,2.8542,2.1462,0.99463,0.28425,0.0657,0.014342,0.0030905,0.00066407,0.00014261,3.0621e-05,6.5746e-06,1.4116e-06,3.031e-07,6.5078e-08,1.3973e-08
1.3973e-08,6.5078e-08,3.031e-07,1.4116e-06,6.5746e-06,3.0621e-05,0.00014261,0.00066407,0.0030905,0.014342,0.0657,0.28425,0.99463,2.1462,2.8542,3.0615,3.0615,2.8542,2.1462,0.99463,0.28425,0.0657,0.014342,0.0030905,0.00066407,0.00014261,3.0621e-05,6.5746e-06,1.4116e-06,3.031e-07,6.5078e-08,1.3973e-08
1.3973e-08,6.5078e-08,3.031e-07,1.4116e-06,6.5746e-06,3.0621e-05,0.00014261,0.00066407,0.0030905,0.014342,0.0657,0.28425,0.99463,2.1462,2.8542,3.0615,3.0615,2.8542,2.1462,0.99463,0.28425,0.0657,0.014342,0.0030905,0.00066407,0.00014261,3.0621e-05,6.5746e-06,1.4116e-06,3.031e-07,6.5078e-08,1.3973e-08
1.3973e-08,6.5078e-08,3.031e-07,1.4116e-06,6.5746e-06,3.0621e-05,0.00014261,0.00066407,0.0030905,0.014342,0.0657,0.28425,0.99463,2.1462,2.8542,3.0615,3.0615,2.8542,2.1462,0.99463,0.28425,0.0657,0.014342,0.0030905,0.00066407,0.00014261,3.0621e-05,6.5746e-06,1.4116e-06,3.031e-07,6.5078e-08,1.3973e-08
1.3973e-08,6.5078e-08,3.031e-07,1.4116e-06,6.5746e-06,3.0621e-05,0.00014261,0.00066407,0.0030905,0.014342,0.0657,0.28425,0.99463,2.1462,2.8542,3.0615,3.0615,2.8542,2.1462,0.99463,0.28425,0.0657,0.014342,0.0030905,0.00066407,0.00014261,3.0621e-05,6.5746e-06,1.4116e-06,3.031e-07,6.5078e-08,1.3973e-08
1.3973e-08,6.5078e-08,3.031e-07,1.4116e-06,6.5746e-06,3.0621e-05,0.00014261,0.00066407,0.0030905,0.014342,0.0657,0.28425,0.99463,2.1462,2.8542,3.0615,3.0615,2.8542,2.1462,0.99463,0.28425,0.0657,0.014342,0.0030905,0.00066407,0.00014261,3.0621e-05,6.5746e-06,1.4116e-06,3.031e-07,6.5078e-08,1.3973e-08
1.3973e-08,6.5078e-08,3.031e-07,1.4116e-06,6.5746e-06,3.0621e-05,0.00014261,0.00066407,0.0030905,0.014342,0.0657,0.28425,0.99463,2.1462,2.8542,3.0615,3.0615,2.8542,2.1462,0.99463,0.28425,0.0657,0.014342,0.0030905,0.00066407,0.00014261,3.0621e-05,6.5746e-06,1.4116e-06,3.031e-07,6.5078e-08,1.3973e-08
1.3973e-08,6.5078e-08,3.031e-07,1.4116e-06,6.5746e-06,3.0621e-05,0.00014261,0.00066407,0.0030905,0.014342,0.0657,0.28425,0.99463,2.1462,2.8542,3.0615,3.0615,2.8542,2.1462,0.99463,0.28425,0.0657,0.014342,0.0030905,0.00066407,0.00014261,3.0621e-05,6.5746e-06,1.4116e-06,3.031e-07,6.5078e-08,1.3973e-08
1.3973e-08,6.5078e-08,3.031e-07,1.4116e-06,6.5746e-06,3.0621e-05,0.00014261,0.00066407,0.0030905,0.014342,0.0657,0.28425,0.99463,2.1462,2.8542,3.0615,3.0615,2.8542,2.1462,0.99463,0.28425,0.0657,0.014342,0.0030905,0.00066407,0.00014261,3.0621e-05,6.5746e-06,1.4116e-06,3.031e-07,6.5078e-08,1.3973e-08
1.3973e-08,6.5078e-08,3.031e-07,1.4116e-06,6.5746e-06,3.0621e-05,0.00014261,0.00066407,0.0030905,0.014342,0.0657,0.28425,0.99463,2.1462,2.8542,3.0615,3.0615,2.8542,2.1462,0.99463,0.28425,0.0657,0.014342,0.0030905,0.00066407,0.00014261,3.0621e-05,6.5746e-06,1.4116e-06,3.031e-07,6.5078e-08,1.3973e-08
1.3973e-08,6.5078e-08,3.031e-07,1.4116e-06,6.5746e-06,3.0621e-05,0.00014261,0.00066407,0.0030905,0.014342,0.0657,0.28425,0.99463,2.1462,2.8542,3.0615,3.0615,2.8542,2.1462,0.99463,0.28425,0.0657,0.014342,0.0030905,0.00066407,0.00014261,3.0621e-05,6.5746e-06,1.4116e-06,3.031e-07,6.5078e-08,1.3973e-08
1.3973e-08,6.5078e-08,3.031e-07,1.4116e-06,6.5746e-06,3.0621e-05,0.00014261,0.00066407,0.0030905,0.014342,0.0657,0.28425,0.99463,2.1462,2.8542,3.0615,3.0615,2.8542,2.1462,0.99463,0.28425,0.0657,0.014342,0.0030905,0.00066407,0.00014261,3.0621e-05,6.5746e-06,1.4116e-06,3.031e-07,6.5078e-08,1.3973e-08
1.3973e-08,6.5078e-08,3.031e-07,1.4116e-06,6.5746e-06,3.0621e-05,0.00014261,0.00066407,0.0030905,0.014342,0.0657,0.28425,0.99463,2.1462,2.8542,3.0615,3.0615,2.8542,2.1462,0.99463,0.28425,0.0657,0.014342,0.0030905,0.00066407,0.00014261,3.0621e-05,6.5746e-06,1.4116e-06,3.031e-07,6.5078e-08,1.3973e-08
1.3973e-08,6.5078e-08,3.031e-07,1.4116e-06,6.5746e-06,3.0621e-05,0.00014261,0.00066407,0.0030905,0.014342,0.0657,0.28425,0.99463,2.1462,2.8542,3.0615,3.0615,2.8542,2.1462,0.99463,0.28425,0.0657,0.014342,0.0030905,0.00066407,0.00014261,3.0621e-05,6.5746e-06,1.4116e-06,3.031e-07,6.5078e-08,1.3973e-08
1.3973e-08,6.5078e-08,3.031e-07,1.4116e-06,6.5746e-06,3.0621e-05,0.00014261,0.00066407,0.0030905,0.014342,0.0657,0.28425,0.99463,2.1462,2.8542,3.0615,3.0615,2.8542,2.1462,0.99463,0.28425,0.0657,0.014342,0.0030905,0.00066407,0.00014261,3.0621e-05,6.5746e-06,1.4116e-06,3.031e-07,6.5078e-08,1.3973e-08
1.3973e-08,6.5078e-08,3.031e-07,1.4116e-06,6.5746e-06,3.0621e-05,0.00014261,0.00066407,0.0030905,0.014342,0.0657,0.28425,0.99463,2.1462,2.8542,3.0615,3.0615,2.8542,2.1462,0.99463,0.28425,0.0657,0.014342,0.0030905,0.00066407,0.00014261,3.0621e-05,6.5746e-06,1.4116e-06,3.031e-07,6.5078e-08,1.3973e-08
1.3973e-08,6.5078e-08,3.031e-07,1.4116e-06,6.5746e-06,3.0621e-05,0.00014261,0.00066407,0.0030905,0.014342,0.0657,0.28425,0.99463,2.1462,2.8542,3.0615,3.0615,2.8542,2.1462,0.99463,0.28425,0.0657,0.014342,0.0030905,0.00066407,0.00014261,3.0621e-05,6.5746e-06,1.4116e-06,3.031e-07,6.5078e-08,1.3973e-08
1.3973e-08,6.5078e-08,3.031e-07,1.4116e-06,6.5746e-06,3.0621e-05,0.00014261,0.00066407,0.0030905,0.014342,0.0657,0.28425,0.99463,2.1462,2.8542,3.0615,3.0615,2.8542,2.1462,0.99463,0.28425,0.0657,0.014342,0.0030905,0.00066407,0.00014261,3.0621e-05,6.5746e-06,1.4116e-06,3.031e-07,6.5078e-08,1.3973e-08
1.3973e-08,6.5078e-08,3.031e-07,1.4116e-06,6.5746e-06,3.0621e-05,0.00014261,0.00066407,0.0030905,0.014342,0.0657,0.28425,0.99463,2.1462,2.8542,3.0615,3.0615,2.8542,2.1462,0.99463,0.28425,0.0657,0.014342,0.0030905,0.00066407,0.00014261,3.0621e-05,6.5746e-06,1.4116e-06,3.031e-07,6.5078e-08,1.3973e-08
1.3973e-08,6.5078e-08,3.031e-07,1.4116e-06,6.5746e-06,3.0621e-05,0.00014261,0.00066407,0.0030905,0.014342,0.0657,0.28425,0.99463,2.1462,2.8542,3.0615,3.0615,2.8542,2.1462,0.99463,0.28425,0.0657,0.014342,0.0030905,0.00066407,0.00014261,3.0621e-05,6.5746e-06,1.4116e-06,3.031e-07,6.5078e-08,1.3973e-08
1.3973e-08,6.5078e-08,3.031e-07,1.4116e-06,6.5746e-06,3.0621e-05,0.00014261,0.00066407,0.0030905,0.014342,0.0657,0.28425,0.99463,2.1462,2.8542,3.0615,3.0615,2.8542,2.1462,0.99463,0.28425,0.0657,0.014342,0.0030905,0.00066407,0.00014261,3.0621e-05,6.5746e-06,1.4116e-06,3.031e-07,6.5078e-08,1.3973e-08
1.3973e-08,6.5078e-08,3.031e-07,1.4116e-06,6.5746e-06,3.0621e-05,0.00014261,0.00066407,0.0030905,0.014342,0.0657,0.28425,0.99463,2.1462,2.8542,3.0615,3.0615,2.8542,2.1462,0.99463,0.28425,0.0657,0.014342,0.0030905,0.00066407,0.00014261,3.0621e-05,6.5746e-06,1.4116e-06,3.031e-07,6.5078e-08,1.3973e-08
1.3973e-08,6.5078e-08,3.031e-07,1.4116e-06,6.5746e-06,3.0621e-05,0.00014261,0.00066407,0.0030905,0.014342,0.0657,0.28425,0.99463,2.1462,2.8542,3.0615,3.0615,2.8542,2.1462,0.99463,0.28425,0.0657,0.014342,0.0030905,0.00066407,0.00014261,3.0621e-05,6.5746e-06,1.4116e-06,3.031e-07,6.5078e-08,1.3973e-08
1.3973e-08,6.5078e-08,3.031e-07,1.4116e-06,6.5746e-06,3.0621e-05,0.00014261,0.00066407,0.0030905,0.014342,0.0657,0.28425,0.99463,2.1462,2.8542,3.0615,3.0615,2.8542,2.1462,0.99463,0.28425,0.0657,0.014342,0.0030905,0.00066407,0.00014261,3.0621e-05,6.5746e-06,1.4116e-06,3.031e-07,6.5078e-08,1.3973e-08
1.3973e-08,6.5078e-08,3.031e-07,1.4116e-06,6.5746e-06,3.0621e-05,0.00014261,0.00066407,0.0030905,0.014342,0.0657,0.28425,0.99463,2.1462,2.8542,3.0615,3.0615,2.8542,2.1462,0.99463,0.28425,0.0657,0.014342,0.0030905,0.00066407,0.00014261,3.0621e-05,6.5746e-06,1.4116e-06,3.031e-07,6.5078e-08,1.3973e-08
1.3973e-08,6.5078e-08,3.031e-07,1.4116e-06,6.5746e-06,3.0621e-05,0.00014261,0.00066407,0.0030905,0.014342,0.0657,0.28425,0.99463,2.1462,2.8542,3.0615,3.0615,2.8542,2.1462,0.99463,0.28425,0.0657,0.014342,0.0030905,0.00066407,0.00014261,3.0621e-05,6.5746e-06,1.4116e-06,3.031e-07,6.5078e-08,1.3973e-08
