1.0679,1.0789,1.0948,1.0904,1.0625,1.0374,1.0369,1.0481,1.0589,1.0681,1.0742,1.071,1.0602,1.051,1.0492,1.0547,1.0632,1.0718,1.0816,1.0937,1.1056,1.1151,1.1264,1.1474,1.175,1.1869,1.1634,1.1113,1.0544,1.0187,1.0269,1.0831,1.1741,1.2807,1.3446,1.2993,1.2005,1.1317,1.1077,1.11,1.1205,1.1236,1.1045,1.0643,1.0102,0.95688,0.95999,1.0284,1.0793,1.0855,1.0681,1.0572,1.0607,1.0579,1.0303,0.97422,0.89442,0.80577,0.73622,0.71693,0.76031,0.84526,0.95331,1.0047
1.07,1.0795,1.0891,1.0706,1.0239,0.99353,1.0092,1.043,1.074,1.0975,1.1054,1.092,1.0673,1.0449,1.0328,1.0354,1.0506,1.0721,1.0955,1.1181,1.1345,1.1406,1.1439,1.1616,1.1957,1.2149,1.1869,1.1254,1.0682,1.0388,1.046,1.0921,1.1763,1.2819,1.3402,1.2914,1.1937,1.1193,1.088,1.0929,1.1175,1.1343,1.1103,1.032,0.8966,0.75407,0.79378,0.95199,1.043,1.0639,1.0538,1.0502,1.0639,1.0672,1.0346,0.96148,0.8494,0.70954,0.59474,0.59877,0.71484,0.84492,0.95923,1.0086
1.0718,1.0726,1.059,1.0086,0.93346,0.90863,0.96301,1.0439,1.1231,1.1836,1.1902,1.1383,1.0658,1.0007,0.96308,0.97222,1.0199,1.0774,1.127,1.1619,1.1749,1.1612,1.1359,1.1317,1.1625,1.1917,1.1742,1.1235,1.0808,1.0627,1.0662,1.0891,1.1379,1.2095,1.2577,1.2341,1.1609,1.0789,1.0216,1.0251,1.087,1.1462,1.1172,0.94549,0.60585,0.29815,0.63801,0.92211,1.0308,1.0532,1.0508,1.0666,1.103,1.1163,1.0831,1.0173,0.93495,0.84691,0.7845,0.79705,0.87414,0.95385,1.0142,1.0392
1.0622,1.0465,1.0011,0.93355,0.87397,0.88588,0.96333,1.0647,1.1785,1.2714,1.2671,1.1609,1.0195,0.89355,0.84461,0.90376,1.0034,1.0832,1.1331,1.1582,1.1583,1.1313,1.0906,1.0683,1.0851,1.1133,1.1089,1.0779,1.0563,1.0533,1.0542,1.0517,1.0586,1.0913,1.1313,1.1389,1.1019,1.0233,0.93207,0.92069,1.0231,1.1282,1.1029,0.91289,0.6534,0.63717,0.88256,1.0322,1.062,1.0439,1.0338,1.0695,1.1268,1.1457,1.1157,1.0698,1.0314,1.0068,1.0013,1.0221,1.0567,1.0793,1.0816,1.0789
1.0408,1.0107,0.95062,0.90623,0.90162,0.94266,1.004,1.0815,1.1844,1.274,1.2571,1.1264,0.95423,0.82204,0.82839,0.93558,1.0262,1.0696,1.0807,1.0766,1.0693,1.0626,1.0541,1.05,1.0603,1.0696,1.0491,1.0097,0.99265,1.0014,0.99985,0.97157,0.94599,0.96706,1.0248,1.0664,1.0631,1.0017,0.89902,0.87522,0.99292,1.1076,1.0963,0.98838,0.91902,1.0057,1.1442,1.1671,1.1043,1.0302,0.99542,1.0296,1.0921,1.1162,1.0946,1.0651,1.0553,1.0722,1.1159,1.1742,1.2093,1.1947,1.1436,1.113
1.0144,0.98085,0.92909,0.92173,0.95928,1.0062,1.0385,1.0732,1.1325,1.1929,1.1798,1.082,0.96079,0.90354,0.95868,1.0369,1.0625,1.0384,0.98611,0.93166,0.91257,0.94874,1.0086,1.056,1.0832,1.0851,1.0504,0.99575,0.96504,0.96336,0.94303,0.88068,0.82846,0.86178,0.95587,1.0344,1.0684,1.047,0.97701,0.95589,1.0336,1.1035,1.0992,1.0664,1.0995,1.2358,1.3383,1.2715,1.1411,1.0445,1.0044,1.0222,1.0608,1.0668,1.0342,1.0072,1.0236,1.0877,1.1943,1.3187,1.3798,1.3237,1.2026,1.1365
1.0129,0.99013,0.96122,0.97582,1.0247,1.0596,1.0588,1.0425,1.0395,1.0639,1.0798,1.0591,1.035,1.0629,1.1364,1.1697,1.1277,1.0346,0.91776,0.80716,0.75984,0.82111,0.93747,1.0308,1.0806,1.0951,1.0785,1.0442,1.0184,1.0024,0.9619,0.87927,0.80987,0.84032,0.94418,1.0435,1.117,1.1563,1.1365,1.0939,1.0885,1.0979,1.0996,1.1159,1.1817,1.2892,1.3286,1.2255,1.11,1.0564,1.0526,1.0776,1.0973,1.069,0.98924,0.9212,0.94415,1.056,1.2171,1.3866,1.461,1.3729,1.2118,1.1304
1.0363,1.0309,1.0326,1.0647,1.1126,1.124,1.0805,0.99935,0.90864,0.88183,0.94662,1.0243,1.0986,1.2026,1.3068,1.3196,1.232,1.1087,0.99466,0.90526,0.85461,0.86397,0.92468,0.98848,1.0282,1.0527,1.0676,1.0687,1.061,1.0476,1.0155,0.95578,0.90155,0.91224,0.98382,1.0743,1.1791,1.2894,1.3118,1.2149,1.1193,1.0764,1.0859,1.1267,1.1628,1.1561,1.058,0.93205,0.92853,0.99501,1.0639,1.1219,1.1501,1.1173,1.0176,0.90862,0.9024,1.0147,1.1677,1.3042,1.3489,1.2694,1.1482,1.093
1.0584,1.0699,1.1055,1.167,1.2254,1.2142,1.1231,0.97528,0.78325,0.65958,0.76079,0.93619,1.0832,1.2272,1.3488,1.3631,1.2732,1.1656,1.0866,1.0378,1.011,1.0025,1.0064,1.0087,1.0055,1.0145,1.0383,1.0565,1.0598,1.055,1.0444,1.0235,1.0011,1.0015,1.0318,1.0884,1.1918,1.3446,1.3963,1.2713,1.1246,1.0424,1.0578,1.1073,1.1071,1.0161,0.76021,0.3822,0.53044,0.84371,1.0169,1.0999,1.1304,1.1195,1.0664,0.98997,0.96306,1.02,1.1072,1.1688,1.1596,1.0931,1.0473,1.0397
1.0648,1.0847,1.1398,1.2263,1.3083,1.2967,1.1818,1.0145,0.81264,0.64251,0.6747,0.84629,0.99989,1.1263,1.2283,1.2622,1.2184,1.151,1.0999,1.0712,1.0597,1.06,1.0653,1.0638,1.0495,1.0385,1.0441,1.0503,1.0458,1.0426,1.0529,1.0694,1.0774,1.0718,1.0607,1.0603,1.1074,1.237,1.3149,1.2386,1.1078,1.0022,1.017,1.0807,1.0792,1.0002,0.8103,0.51051,0.50455,0.81239,1.0025,1.0655,1.0702,1.073,1.0823,1.0655,1.0395,1.0451,1.068,1.0625,0.99565,0.92468,0.95023,0.99038
1.0559,1.0708,1.1141,1.1906,1.2824,1.2999,1.2097,1.081,0.95774,0.86331,0.8395,0.895,0.97384,1.0434,1.1011,1.1349,1.1305,1.0998,1.0688,1.0518,1.05,1.06,1.0775,1.0964,1.1083,1.11,1.1033,1.0837,1.0534,1.037,1.0584,1.1055,1.1384,1.1254,1.0693,0.98925,0.92642,1.0065,1.1448,1.1542,1.0726,0.95194,0.94266,1.0389,1.0707,1.0413,0.97439,0.90154,0.91057,1.0289,1.119,1.109,1.0603,1.0529,1.0905,1.1042,1.0767,1.0502,1.0311,0.98211,0.8857,0.83296,0.91058,0.9759
1.0495,1.052,1.0632,1.0993,1.1703,1.218,1.1795,1.1032,1.0438,1.015,1.0187,1.0473,1.0749,1.0833,1.0779,1.0662,1.0464,1.0145,0.98188,0.97036,0.98597,1.0181,1.0568,1.099,1.1443,1.1846,1.1971,1.1636,1.1026,1.0606,1.0749,1.1332,1.179,1.1591,1.0665,0.90799,0.71232,0.7641,0.99869,1.0801,1.0383,0.90087,0.80328,0.92968,1.0367,1.0639,1.0598,1.063,1.113,1.2194,1.2876,1.2199,1.1059,1.0684,1.0976,1.1089,1.0743,1.0271,0.98027,0.91676,0.85518,0.86507,0.94889,1.0032
1.07,1.0646,1.0491,1.0431,1.0679,1.1007,1.0908,1.0565,1.0425,1.0606,1.1126,1.1954,1.2702,1.2728,1.207,1.1254,1.0447,0.94008,0.79439,0.68598,0.73347,0.86544,0.98106,1.0683,1.1453,1.221,1.27,1.2492,1.1733,1.1078,1.0993,1.1408,1.1792,1.1588,1.0641,0.89151,0.65199,0.66653,0.93139,1.0468,1.0283,0.88709,0.64632,0.67966,0.90459,1.0279,1.0744,1.1022,1.1581,1.2612,1.3401,1.2667,1.1135,1.0534,1.0755,1.0857,1.0531,0.99562,0.93062,0.88447,0.89567,0.94697,1.0069,1.0412
1.1334,1.127,1.0958,1.0616,1.0375,0.99724,0.92634,0.88914,0.92908,1.0128,1.1251,1.2811,1.4637,1.5443,1.4403,1.2799,1.1489,1.0107,0.74729,0,0,0,0.74266,0.97933,1.1041,1.1944,1.2576,1.2596,1.1989,1.1332,1.1068,1.1194,1.1379,1.1246,1.0646,0.95333,0.80212,0.78091,0.95277,1.0581,1.0528,0.93231,0.64787,0.40929,0.64469,0.89379,1.0135,1.0599,1.1047,1.1787,1.2323,1.1614,1.0032,0.95999,1.0177,1.0547,1.0425,0.99238,0.92955,0.91516,0.95909,1.0073,1.0513,1.0806
1.2256,1.21,1.1554,1.1033,1.0593,0.9703,0.77115,0.55051,0.61714,0.83894,1.0425,1.2474,1.4798,1.6374,1.5577,1.36,1.207,1.0948,0.94482,0.577,0,0,0,0.83201,1.0342,1.1232,1.1672,1.1721,1.141,1.1018,1.0794,1.0765,1.0804,1.0777,1.0613,1.024,0.96792,0.9519,1.0298,1.1048,1.1115,1.0279,0.82524,0.60876,0.64088,0.82386,0.95311,1.0023,1.0366,1.0899,1.1101,1.009,0.82062,0.81974,0.95491,1.0403,1.0661,1.051,1.0151,1.002,1.0171,1.0439,1.0901,1.1322
1.2832,1.243,1.1553,1.1008,1.0694,1.0013,0.81112,0.43401,0.27061,0.63602,0.91481,1.1205,1.3082,1.4509,1.4451,1.3127,1.1884,1.1084,1.0398,0.93624,0.73461,0.42607,0.49734,0.83999,1.0191,1.0773,1.0826,1.0654,1.0444,1.031,1.0256,1.0252,1.028,1.0369,1.054,1.069,1.0699,1.0683,1.1004,1.1565,1.1887,1.1556,1.0396,0.92077,0.90307,0.96464,1.033,1.0704,1.095,1.1249,1.1066,0.96155,0.73811,0.75667,0.93482,1.0591,1.137,1.1863,1.172,1.1039,1.0575,1.0579,1.1155,1.1781
1.255,1.194,1.0813,1.0493,1.0554,1.0328,0.93272,0.72283,0.5773,0.7077,0.89182,1.0333,1.1489,1.2375,1.2606,1.2051,1.1341,1.089,1.0598,1.0315,0.99738,0.9686,0.99416,1.0922,1.1509,1.127,1.0724,1.022,0.99166,0.98196,0.9817,0.98593,0.9956,1.0151,1.0501,1.0907,1.1139,1.1119,1.1174,1.1656,1.239,1.2748,1.217,1.1147,1.0554,1.0552,1.0965,1.1649,1.2477,1.2996,1.2443,1.0582,0.85028,0.84388,0.97504,1.1057,1.2432,1.3706,1.3388,1.1812,1.0625,1.0217,1.0861,1.165
1.1813,1.1186,0.99362,0.98606,1.036,1.0545,1.0255,0.94685,0.88446,0.9077,0.96972,1.0287,1.0782,1.1118,1.1139,1.0815,1.0522,1.0463,1.0482,1.0498,1.0557,1.0815,1.157,1.2901,1.3608,1.2675,1.1325,1.0478,1.0139,1.0043,0.99679,0.99312,1.0015,1.0214,1.054,1.093,1.1128,1.0983,1.0825,1.1213,1.2285,1.3347,1.3221,1.2031,1.0874,1.0312,1.0537,1.1583,1.3263,1.4624,1.4049,1.1881,1.0044,0.96804,1.0323,1.1433,1.3189,1.4934,1.4238,1.2019,1.0066,0.88257,0.95913,1.0708
1.1313,1.0904,0.98611,0.96857,1.0294,1.0682,1.0825,1.0823,1.0765,1.0707,1.0668,1.066,1.064,1.0488,1.0037,0.93497,0.91257,0.95613,1.0033,1.0334,1.0582,1.0979,1.1802,1.3252,1.4469,1.3593,1.1698,1.0671,1.0508,1.0651,1.0702,1.061,1.0525,1.0498,1.0563,1.0722,1.079,1.0613,1.0451,1.0836,1.2044,1.3434,1.3547,1.2143,1.0172,0.84633,0.82771,1.0011,1.2426,1.4214,1.3947,1.2178,1.08,1.038,1.0591,1.1327,1.2888,1.4426,1.3711,1.1537,0.87876,0.55866,0.7047,0.92598
1.1233,1.1103,1.0512,1.0075,1.036,1.07,1.1077,1.1632,1.2086,1.2035,1.1638,1.1193,1.075,1.0148,0.90529,0.72796,0.62715,0.74815,0.89168,0.97564,1.0261,1.0742,1.1435,1.2447,1.3302,1.2623,1.0841,1.0094,1.0435,1.1076,1.1534,1.1579,1.1273,1.0827,1.0447,1.0281,1.0291,1.0324,1.0459,1.102,1.2189,1.3376,1.3339,1.1768,0.87792,0.28185,0,0.58675,1.0297,1.2288,1.2439,1.155,1.0809,1.0522,1.0491,1.0788,1.1829,1.2969,1.2552,1.0825,0.7693,0,0.38135,0.80143
1.1465,1.1454,1.1082,1.0476,1.0384,1.0587,1.1111,1.212,1.3109,1.3204,1.2539,1.1717,1.0937,1.0007,0.8363,0.48984,0,0.23125,0.6715,0.86587,0.9643,1.0302,1.0901,1.1479,1.1733,1.0877,0.92253,0.89904,1.0007,1.1115,1.1928,1.2173,1.1762,1.1005,1.0273,0.98591,0.98953,1.0211,1.0657,1.1316,1.2222,1.2906,1.2643,1.1341,0.86608,0,0,0,0.84747,1.0764,1.1211,1.0895,1.0575,1.043,1.0298,1.0318,1.1022,1.1952,1.1774,1.0565,0.82791,0.41049,0.51728,0.82966
1.1856,1.1802,1.1304,1.0614,1.0319,1.0441,1.1063,1.2333,1.3644,1.3801,1.2907,1.1869,1.1004,1.0104,0.86082,0.53704,0,0,0.45983,0.75966,0.90693,0.99554,1.0568,1.0954,1.0931,1.0007,0.84864,0.85413,0.97977,1.0881,1.1587,1.1815,1.1498,1.0888,1.0278,0.99217,0.99832,1.0314,1.0705,1.1133,1.1593,1.1866,1.1668,1.0989,0.96558,0.64586,0,0.23581,0.82713,1.0209,1.0727,1.0654,1.0503,1.0437,1.0349,1.0371,1.0925,1.1621,1.15,1.0721,0.95676,0.82119,0.8572,0.99079
1.2176,1.2069,1.139,1.0732,1.0373,1.0416,1.0964,1.2042,1.3078,1.3058,1.2191,1.1374,1.0819,1.0317,0.95021,0.78914,0.54428,0.4267,0.58833,0.77299,0.90404,0.99671,1.0602,1.0931,1.0848,1.0089,0.89807,0.90921,1.0011,1.0619,1.0792,1.066,1.0515,1.0497,1.0519,1.0566,1.0641,1.0677,1.0633,1.0539,1.0473,1.0529,1.066,1.0649,1.0288,0.92256,0.73634,0.72048,0.90138,1.0204,1.0659,1.0708,1.0625,1.0575,1.0567,1.0657,1.1003,1.1378,1.128,1.0836,1.0345,1.0009,1.0373,1.1129
1.2139,1.2016,1.1399,1.0995,1.0708,1.0609,1.0804,1.1158,1.1238,1.0768,1.0368,1.0359,1.0478,1.0541,1.0382,0.97623,0.87167,0.79861,0.81362,0.88151,0.96274,1.0438,1.108,1.1361,1.1174,1.0453,0.96288,0.97545,1.034,1.0483,1.0003,0.91553,0.90205,0.98863,1.0933,1.1674,1.1811,1.1345,1.0545,0.95937,0.87565,0.86941,0.95197,1.0331,1.065,1.0415,0.968,0.92753,0.97583,1.0337,1.066,1.0755,1.0712,1.0648,1.0635,1.0637,1.0623,1.0649,1.0672,1.0605,1.0527,1.0594,1.096,1.1457
1.1635,1.1468,1.1146,1.1215,1.1179,1.0943,1.0634,0.99826,0.83901,0.65506,0.73149,0.90568,1.0207,1.0945,1.1379,1.1254,1.052,0.97977,0.95821,0.98256,1.0402,1.1254,1.2089,1.2358,1.1839,1.0785,0.99039,1.0045,1.0602,1.0604,0.97027,0.80794,0.76483,0.93354,1.1469,1.3044,1.3323,1.2273,1.0499,0.82898,0.60888,0.60305,0.83389,1.0291,1.1176,1.1244,1.078,1.0327,1.0308,1.0481,1.0611,1.0662,1.0655,1.0631,1.0596,1.0406,0.99142,0.93985,0.93996,0.97689,1.0141,1.0521,1.0899,1.1167
1.0977,1.0768,1.0723,1.1224,1.1484,1.1196,1.0519,0.90829,0.54232,0,0.35743,0.82133,1.0351,1.1787,1.2922,1.3116,1.2107,1.0965,1.0401,1.0397,1.0897,1.1982,1.3401,1.3985,1.296,1.1269,1.0138,1.0213,1.0909,1.1146,1.0386,0.8799,0.8219,0.96688,1.1775,1.3465,1.3798,1.2642,1.0683,0.82612,0.58437,0.58978,0.87806,1.1266,1.2287,1.2156,1.151,1.0962,1.0733,1.0639,1.0539,1.046,1.0469,1.0559,1.0601,1.0302,0.93607,0.80439,0.74449,0.80265,0.90106,0.99175,1.0485,1.0664
1.0731,1.0522,1.0543,1.1099,1.143,1.1174,1.0497,0.91417,0.59986,0,0.52534,0.88724,1.0912,1.2743,1.4687,1.5231,1.3644,1.1839,1.0817,1.0532,1.0929,1.2167,1.4146,1.5378,1.4134,1.1908,1.0584,1.0553,1.1336,1.2006,1.1818,1.0811,1.0166,1.0582,1.1573,1.2487,1.266,1.1978,1.0899,0.9777,0.9012,0.94392,1.1328,1.3269,1.3743,1.2906,1.1894,1.132,1.1069,1.0824,1.0467,1.0131,1.0035,1.0224,1.049,1.0383,0.94718,0.79501,0.67383,0.6706,0.77808,0.92208,1.0187,1.0474
1.1291,1.0992,1.0733,1.0857,1.0974,1.0833,1.0513,0.99222,0.87963,0.78779,0.87347,1.0055,1.1205,1.2773,1.4901,1.5658,1.4103,1.2195,1.0892,1.0295,1.0531,1.1721,1.3561,1.4842,1.3998,1.1945,1.07,1.0668,1.1436,1.2381,1.2763,1.2262,1.1496,1.1104,1.1119,1.1303,1.1336,1.1107,1.0787,1.0571,1.068,1.1437,1.2934,1.4277,1.408,1.2731,1.1662,1.1316,1.1297,1.1083,1.0471,0.96741,0.91406,0.92215,0.98357,1.0397,1.0318,0.96852,0.89782,0.85324,0.86757,0.96328,1.0698,1.1089
1.2527,1.192,1.0906,1.0187,0.99748,1.0149,1.0474,1.0837,1.1187,1.1268,1.1011,1.0786,1.0796,1.1367,1.2743,1.3568,1.2979,1.187,1.0745,0.98789,0.99001,1.0981,1.2252,1.2865,1.2224,1.0642,0.96566,0.98247,1.0575,1.147,1.2174,1.2273,1.1775,1.1095,1.0493,1.0077,0.99509,1.007,1.0284,1.0558,1.0992,1.1728,1.271,1.3313,1.278,1.1556,1.0783,1.0876,1.1379,1.1501,1.0825,0.96189,0.852,0.82873,0.91475,1.026,1.0817,1.0796,1.054,1.0291,1.025,1.0766,1.179,1.2397
1.3343,1.2472,1.0304,0.82511,0.77674,0.89032,1.0361,1.1916,1.3653,1.4241,1.2804,1.1038,0.95486,0.8546,0.93659,1.0934,1.1474,1.1271,1.0615,0.96383,0.93532,1.0359,1.1229,1.1334,1.0536,0.88386,0.75299,0.78782,0.88816,0.98298,1.076,1.1401,1.1376,1.0748,0.96873,0.83848,0.76335,0.81341,0.91324,0.99684,1.0618,1.1193,1.1663,1.1746,1.1154,1.0141,0.95757,1.0103,1.1254,1.1881,1.1425,1.034,0.93312,0.89912,0.95019,1.0285,1.0759,1.087,1.0814,1.0748,1.0791,1.119,1.2149,1.3094
1.2569,1.1698,0.83855,0.34686,0.31352,0.73754,1.033,1.3006,1.6005,1.6826,1.4018,1.0811,0.77107,0.47153,0.61772,0.91308,1.0471,1.081,1.0545,0.95755,0.88057,0.97629,1.0624,1.0691,1.0058,0.86629,0.71883,0.71161,0.80444,0.89943,0.99797,1.0808,1.1014,1.0493,0.92069,0.68804,0.41799,0.4943,0.74892,0.91794,1.0093,1.0583,1.0797,1.0667,1.0037,0.90227,0.84801,0.93346,1.0861,1.1709,1.1515,1.0825,1.0213,0.99694,1.0135,1.0445,1.0615,1.063,1.0617,1.0643,1.0728,1.1004,1.1623,1.2362
1.1352,1.0559,0.71688,0,0.15377,0.76292,1.0542,1.303,1.5743,1.623,1.3471,1.0318,0.69749,0.35848,0.5605,0.86617,1.0095,1.0573,1.0407,0.91817,0.73806,0.85279,1.0051,1.0499,1.0291,0.96319,0.89297,0.88421,0.93294,0.99235,1.0556,1.1082,1.1124,1.0616,0.9535,0.75503,0.48992,0.50589,0.76,0.93135,1.0123,1.0445,1.0478,1.0201,0.94936,0.84606,0.79913,0.89498,1.0367,1.1119,1.1107,1.0782,1.0546,1.0527,1.0653,1.0722,1.061,1.0422,1.0344,1.0401,1.0502,1.0684,1.1019,1.1377
1.0767,1.0248,0.82189,0.55006,0.66412,0.91128,1.0683,1.2043,1.341,1.3481,1.195,1.0086,0.80252,0.65159,0.75513,0.92609,1.0214,1.0541,1.0178,0.80752,0.29941,0.54297,0.90929,1.0423,1.0705,1.0511,1.0235,1.0283,1.0757,1.145,1.2027,1.2087,1.1588,1.0898,1.014,0.92017,0.83789,0.87168,0.98528,1.0593,1.083,1.0795,1.0586,1.0165,0.94715,0.86591,0.83904,0.91267,1.0122,1.0626,1.0624,1.049,1.0537,1.0806,1.1117,1.1189,1.0916,1.0518,1.0276,1.0213,1.0199,1.0272,1.0534,1.0763
1.0618,1.0402,0.95783,0.87003,0.92324,1.0126,1.062,1.0923,1.1167,1.1189,1.0846,1.0219,0.93748,0.88992,0.93896,1.0127,1.0599,1.0698,0.99246,0.62046,0,0,0.76792,1.046,1.1306,1.1241,1.088,1.0791,1.125,1.2184,1.3099,1.3054,1.1995,1.102,1.0472,1.0244,1.0514,1.1409,1.2129,1.2124,1.173,1.1274,1.0827,1.0351,0.98298,0.93787,0.92949,0.97316,1.0296,1.0514,1.037,1.0219,1.0388,1.0866,1.1396,1.1629,1.141,1.0994,1.0648,1.0296,0.98238,0.95582,0.99616,1.0333
1.065,1.0668,1.0605,1.0546,1.0731,1.0754,1.0425,0.96884,0.9015,0.95074,1.0327,1.0615,1.0489,1.0383,1.0571,1.0869,1.1126,1.1113,0.99286,0.53669,0,0,0.7676,1.1042,1.2336,1.2003,1.1027,1.0523,1.09,1.1916,1.2992,1.3155,1.2014,1.0931,1.0525,1.062,1.1344,1.2669,1.3488,1.3103,1.2227,1.1471,1.093,1.0533,1.0236,1.0069,1.0132,1.0451,1.0785,1.0794,1.0476,1.0201,1.0303,1.0724,1.119,1.1434,1.1346,1.1134,1.0963,1.0599,0.9654,0.85233,0.90981,0.98737
1.0749,1.0932,1.1375,1.1867,1.1931,1.1365,1.0194,0.81667,0.66749,0.83573,1.0337,1.1221,1.1348,1.1238,1.1274,1.1504,1.1888,1.2075,1.0989,0.84963,0.70602,0.79016,0.98729,1.208,1.3406,1.2621,1.0638,0.957,1.0026,1.1123,1.2102,1.2406,1.165,1.0805,1.0534,1.067,1.1306,1.2523,1.3401,1.3004,1.2033,1.1273,1.0828,1.0585,1.0467,1.0474,1.0658,1.1009,1.1303,1.1209,1.0766,1.039,1.0361,1.0552,1.0696,1.0659,1.0515,1.0517,1.0687,1.0677,0.99468,0.81447,0.82216,0.93708
1.0818,1.1101,1.1878,1.2866,1.312,1.2213,1.0278,0.7311,0.58187,0.84372,1.0931,1.1917,1.1834,1.1531,1.1586,1.2096,1.3019,1.3581,1.2571,1.1012,1.024,1.0289,1.098,1.2192,1.3235,1.2631,1.0297,0.87564,0.93401,1.0459,1.1189,1.1401,1.1068,1.0716,1.0619,1.0674,1.0975,1.163,1.2203,1.1948,1.1227,1.0734,1.0532,1.0475,1.0491,1.06,1.0857,1.1247,1.154,1.1406,1.0921,1.0541,1.047,1.0524,1.0465,1.0208,0.98884,0.98802,1.0243,1.0544,1.03,0.88616,0.80904,0.9011
1.0801,1.1119,1.2026,1.3321,1.3993,1.3169,1.1075,0.86627,0.80404,0.99308,1.1893,1.2394,1.1776,1.1245,1.1442,1.2473,1.3957,1.4263,1.294,1.1571,1.0818,1.0612,1.0872,1.154,1.2266,1.2226,1.0826,0.93192,0.95162,1.0278,1.0634,1.0593,1.0449,1.0591,1.0713,1.0714,1.0761,1.0889,1.0862,1.0346,0.97586,0.97116,0.99578,1.0173,1.0325,1.0503,1.0789,1.1151,1.1387,1.1246,1.0836,1.0564,1.0537,1.0583,1.0572,1.0459,1.0253,1.0135,1.028,1.0486,1.0373,0.93266,0.82804,0.87879
1.0741,1.1026,1.1792,1.2904,1.3763,1.3406,1.1839,1.0336,1.0126,1.1278,1.2458,1.2319,1.1274,1.0591,1.0892,1.2244,1.3705,1.367,1.2501,1.1311,1.0459,1.0011,1.0055,1.0586,1.1306,1.177,1.159,1.0833,1.0477,1.0545,1.047,1.0187,0.99925,1.0335,1.0666,1.0708,1.0686,1.062,1.0283,0.93445,0.82657,0.83621,0.91658,0.97391,1.0045,1.0293,1.0587,1.0877,1.1017,1.0891,1.0648,1.055,1.0564,1.059,1.0706,1.0972,1.1203,1.1154,1.089,1.0581,1.0057,0.8698,0.76962,0.83993
1.0706,1.0889,1.1277,1.1784,1.2396,1.2493,1.1634,1.0704,1.0651,1.1451,1.2124,1.1734,1.0671,0.99462,1.0183,1.1402,1.2551,1.26,1.1803,1.0644,0.92722,0.7974,0.76825,0.87942,1.0218,1.1273,1.1945,1.2108,1.1623,1.1019,1.0566,1.0148,0.97847,0.984,1.0224,1.0461,1.0564,1.0569,1.0362,0.9697,0.86121,0.82206,0.88851,0.95112,0.98534,1.0135,1.0424,1.0642,1.0709,1.0642,1.0613,1.0702,1.0729,1.0677,1.0868,1.1533,1.2301,1.242,1.1721,1.0673,0.928,0.68012,0.60819,0.78249
1.0817,1.0854,1.0798,1.0721,1.0963,1.1131,1.0593,0.98946,0.99882,1.0763,1.1299,1.1015,1.0167,0.94376,0.94695,1.0368,1.1323,1.1602,1.116,1.0018,0.77197,0.25075,0,0.39927,0.85631,1.0655,1.1845,1.2541,1.2258,1.1354,1.0725,1.0288,0.97539,0.91309,0.90888,0.96766,1.0193,1.0463,1.0519,1.0329,0.98736,0.94905,0.95368,0.96896,0.9812,1.0046,1.0335,1.054,1.0631,1.0709,1.0935,1.123,1.1314,1.1235,1.1455,1.2275,1.3221,1.3305,1.2257,1.0649,0.85258,0.51037,0.52699,0.78859
1.1354,1.125,1.0795,1.0358,1.0318,1.0227,0.95091,0.87036,0.90115,1.0036,1.065,1.0518,0.98489,0.91189,0.89327,0.95311,1.0415,1.0954,1.0911,1.0201,0.83637,0.30217,0,0,0.6752,1.0059,1.1497,1.2217,1.2044,1.1277,1.0784,1.0447,0.98523,0.8648,0.75342,0.81915,0.94387,1.0195,1.0546,1.0653,1.0559,1.0318,1.0018,0.9673,0.94947,0.97241,1.0145,1.0479,1.0711,1.1001,1.1486,1.2002,1.2217,1.217,1.2272,1.2716,1.3139,1.2925,1.1966,1.064,0.90244,0.70848,0.76444,0.93726
1.2514,1.2319,1.1461,1.0741,1.048,1.0193,0.94255,0.85835,0.88865,0.98916,1.0455,1.0396,0.99019,0.92934,0.89848,0.92178,0.98765,1.0572,1.0936,1.0812,1.008,0.8331,0.49806,0.32673,0.72437,0.99791,1.1239,1.1654,1.1327,1.0831,1.0711,1.059,1.0095,0.88637,0.70776,0.6968,0.86059,0.98583,1.0489,1.0745,1.0714,1.0381,0.97582,0.89472,0.84192,0.87643,0.95848,1.0248,1.0696,1.1151,1.177,1.2379,1.262,1.2483,1.228,1.2171,1.2044,1.1717,1.1201,1.0631,1.0071,0.9703,1.0405,1.1473
1.3912,1.3542,1.2263,1.1245,1.0818,1.0581,1.0189,0.9679,0.96771,1.0177,1.0528,1.0574,1.0382,1.0041,0.96994,0.95619,0.97815,1.0337,1.0991,1.1407,1.1361,1.0756,0.96236,0.86843,0.92222,1.0519,1.1307,1.1333,1.0748,1.0393,1.0621,1.0752,1.0452,0.95886,0.8269,0.77069,0.86838,0.98373,1.0525,1.0812,1.073,1.0246,0.93849,0.82456,0.72982,0.75195,0.86918,0.97241,1.0355,1.0845,1.1403,1.1909,1.206,1.1822,1.1398,1.0912,1.0459,1.0226,1.0266,1.0433,1.0683,1.1218,1.2227,1.3195
1.4071,1.346,1.218,1.1161,1.0821,1.0845,1.0885,1.0676,1.0306,1.0267,1.0527,1.0857,1.1104,1.104,1.065,1.0249,1.0118,1.0387,1.1091,1.2,1.2535,1.2253,1.133,1.0446,1.037,1.105,1.1585,1.1384,1.0636,1.03,1.0663,1.0951,1.0805,1.0295,0.96457,0.93459,0.97159,1.0327,1.079,1.101,1.09,1.0396,0.95948,0.86628,0.78689,0.77458,0.84445,0.92956,0.98627,1.0276,1.0722,1.1099,1.1154,1.0786,0.99984,0.87838,0.75724,0.75368,0.86494,0.98306,1.0812,1.1874,1.2925,1.3484
1.2508,1.1941,1.0914,1.024,1.0389,1.084,1.1142,1.0929,1.0161,0.98909,1.0378,1.1144,1.1851,1.2016,1.1558,1.0957,1.0582,1.0603,1.1179,1.2346,1.3512,1.3506,1.2246,1.0973,1.0618,1.1168,1.1768,1.1581,1.0811,1.0471,1.0822,1.1133,1.1007,1.065,1.0397,1.0448,1.0708,1.0961,1.1154,1.1285,1.1241,1.0899,1.0344,0.9781,0.93713,0.92316,0.93833,0.96463,0.98538,1.0084,1.0393,1.06,1.0427,0.96093,0.76811,0.33392,0,0,0.61225,0.8886,1.0443,1.153,1.2082,1.206
1.0808,0.98945,0.82597,0.82619,0.95992,1.065,1.108,1.0672,0.96114,0.95021,1.0334,1.1342,1.2228,1.2518,1.2113,1.1458,1.0879,1.06,1.0911,1.2017,1.352,1.4007,1.2731,1.1117,1.0515,1.0994,1.1698,1.1619,1.0898,1.0579,1.0925,1.1222,1.1034,1.0657,1.0535,1.0811,1.121,1.14,1.1428,1.1469,1.1522,1.1387,1.0997,1.0567,1.03,1.0254,1.0369,1.0499,1.0544,1.06,1.071,1.066,1.0114,0.8537,0.44944,0,0,0.17039,0.70369,0.91119,1.0194,1.0784,1.0911,1.0796
0.93903,0.69917,0.068576,0.52747,0.89136,1.0575,1.111,1.059,0.95568,0.97003,1.0477,1.1138,1.1629,1.189,1.1816,1.1451,1.0883,1.0303,1.023,1.1136,1.2601,1.3336,1.2501,1.0953,1.0182,1.0601,1.1361,1.1398,1.078,1.051,1.0892,1.1228,1.1023,1.0595,1.0439,1.0747,1.1296,1.1628,1.1654,1.1619,1.1655,1.1557,1.1182,1.0745,1.0509,1.0556,1.0817,1.1154,1.1434,1.1605,1.164,1.1397,1.0619,0.89057,0.61436,0.4697,0.65155,0.83562,0.9477,1.0157,1.0549,1.0706,1.0632,1.0517
0.83981,0.4121,0,0.4973,0.92008,1.1001,1.1647,1.1168,1.0294,1.0317,1.0543,1.0334,0.99581,1.0262,1.0832,1.102,1.0756,1.0114,0.96733,1.0366,1.1622,1.2178,1.1557,1.0102,0.91539,0.9709,1.075,1.1051,1.0641,1.0439,1.0836,1.1209,1.1058,1.0651,1.0453,1.0668,1.1229,1.1749,1.1934,1.1898,1.1792,1.1515,1.0999,1.0452,1.0191,1.0344,1.0772,1.1297,1.184,1.2358,1.2697,1.2616,1.1971,1.079,0.96262,0.93479,0.97103,1.0114,1.0461,1.0817,1.1158,1.1333,1.1254,1.1164
0.9233,0.71007,0.56648,0.81638,1.0431,1.1982,1.2675,1.206,1.1071,1.0756,1.0406,0.93047,0.82089,0.8838,0.99959,1.0629,1.0761,1.0454,1.0074,1.0525,1.1272,1.1339,1.0497,0.86687,0.71441,0.82221,1.0018,1.0757,1.0607,1.0468,1.0827,1.1161,1.1037,1.0686,1.0524,1.0693,1.1152,1.1702,1.205,1.2103,1.1885,1.1384,1.0639,0.98705,0.95179,0.98041,1.0402,1.0967,1.1474,1.2111,1.2949,1.3576,1.3444,1.253,1.1439,1.0774,1.0541,1.0537,1.0731,1.1217,1.1987,1.2649,1.2749,1.2594
1.0716,0.99296,0.95306,1.0285,1.1542,1.2872,1.3322,1.2281,1.116,1.0748,1.0288,0.91675,0.83451,0.89257,0.98712,1.0506,1.085,1.0971,1.1002,1.1241,1.1352,1.0976,0.99651,0.7918,0.57712,0.7258,0.96811,1.0662,1.0571,1.0392,1.0707,1.0994,1.0832,1.0462,1.0362,1.0601,1.0986,1.1376,1.1695,1.1849,1.1684,1.1129,1.0282,0.9397,0.90042,0.93934,1.007,1.0553,1.0849,1.1291,1.2262,1.3591,1.4239,1.3521,1.2183,1.1157,1.0614,1.0426,1.0628,1.143,1.2801,1.3993,1.4061,1.3492
1.1305,1.0895,1.0657,1.0927,1.1717,1.2641,1.2635,1.155,1.0678,1.0505,1.0516,1.0202,0.98611,0.99233,1.022,1.0526,1.0782,1.098,1.1138,1.1282,1.1206,1.0825,1.009,0.87737,0.74468,0.8369,1.0253,1.0937,1.0516,1.0084,1.0375,1.0706,1.0498,0.9965,0.98239,1.0213,1.0659,1.0906,1.1058,1.1223,1.1205,1.0816,1.015,0.94802,0.92204,0.95536,1.0082,1.0403,1.0512,1.073,1.147,1.2779,1.3785,1.343,1.2163,1.1011,1.0288,0.9987,1.0283,1.1363,1.2856,1.3903,1.3835,1.3206
1.1138,1.077,1.0352,1.0228,1.0573,1.1155,1.1247,1.0752,1.0344,1.0481,1.0963,1.1175,1.0968,1.0689,1.0538,1.0487,1.0439,1.0279,1.0047,1.0169,1.0512,1.06,1.0403,0.99768,0.96711,1.0341,1.1523,1.173,1.0787,0.99565,1.0136,1.0544,1.0373,0.96374,0.9264,0.97151,1.0304,1.0542,1.0572,1.0681,1.0774,1.0627,1.0279,0.99305,0.97892,0.99367,1.0212,1.0366,1.0329,1.0338,1.0754,1.1646,1.2454,1.2426,1.1637,1.0699,0.99447,0.95925,1.0006,1.1114,1.2179,1.2693,1.2621,1.2337
1.039,0.97854,0.88146,0.83182,0.86907,0.97071,1.0422,1.0534,1.0452,1.0677,1.1219,1.1545,1.1399,1.1019,1.0643,1.0292,0.98212,0.89792,0.78883,0.79615,0.9224,1.0154,1.0554,1.0685,1.0872,1.1567,1.2587,1.2701,1.1514,1.0387,1.0315,1.0759,1.0811,1.013,0.95238,0.97385,1.0265,1.0473,1.0392,1.0382,1.0498,1.0542,1.0453,1.029,1.013,1.0076,1.0149,1.0168,0.9952,0.96686,0.9768,1.0389,1.1079,1.1328,1.1064,1.0482,0.97656,0.92605,0.95951,1.0585,1.1313,1.1487,1.1345,1.1238
0.99798,0.93238,0.82686,0.78934,0.84934,0.96518,1.0465,1.0669,1.0564,1.0619,1.099,1.132,1.1303,1.1004,1.0567,0.99854,0.90401,0.72878,0.47331,0.46789,0.74785,0.95083,1.051,1.0925,1.1153,1.1659,1.2576,1.2949,1.2037,1.0903,1.0626,1.1148,1.1661,1.1338,1.0618,1.0393,1.0594,1.0687,1.0484,1.0287,1.0324,1.0467,1.053,1.0428,1.0193,1.0025,1.0029,0.99721,0.95569,0.89255,0.87555,0.93588,1.0161,1.0625,1.0642,1.0221,0.93123,0.81658,0.80561,0.92826,1.0325,1.069,1.0631,1.0538
1.0354,1.0076,0.96795,0.96163,0.99906,1.0605,1.0952,1.0808,1.0379,1.008,1.0194,1.0567,1.0819,1.0789,1.0493,0.98883,0.87544,0.67101,0.39299,0.39643,0.69383,0.92421,1.0483,1.0908,1.0905,1.1059,1.1728,1.2288,1.1888,1.0988,1.0605,1.1213,1.2191,1.223,1.1427,1.0796,1.0696,1.0792,1.0667,1.0384,1.029,1.0429,1.0553,1.0465,1.0204,1.0066,1.0143,1.0116,0.96879,0.90182,0.87752,0.92925,1.0026,1.0469,1.0471,0.9896,0.83602,0.54484,0.34454,0.6339,0.89335,1.0179,1.0517,1.0506
1.0954,1.0856,1.0739,1.0793,1.1109,1.1451,1.145,1.0969,1.0204,0.94964,0.92426,0.96142,1.0227,1.0626,1.0668,1.0335,0.95702,0.84003,0.73828,0.75123,0.86614,0.99043,1.0711,1.0857,1.0525,1.0382,1.0851,1.1435,1.1408,1.0792,1.0299,1.084,1.1965,1.213,1.1322,1.0407,1.0116,1.0461,1.0739,1.0615,1.0426,1.047,1.0582,1.0522,1.0327,1.0306,1.0453,1.0455,1.0176,0.98092,0.97393,1.0106,1.0599,1.0875,1.072,0.98595,0.77161,0.25834,0,0,0.72904,0.9921,1.0908,1.1021
1.1473,1.121,1.0833,1.0832,1.1213,1.1595,1.1616,1.1169,1.0405,0.95818,0.90777,0.92662,1.0017,1.0791,1.1229,1.1242,1.0885,1.035,0.99611,0.99472,1.0233,1.0622,1.0889,1.0734,1.0164,0.98301,1.0205,1.0806,1.1022,1.0683,1.01,1.0385,1.135,1.1469,1.0678,0.94752,0.89941,0.98309,1.0736,1.0918,1.067,1.0541,1.056,1.0523,1.0454,1.0539,1.0655,1.0611,1.0467,1.043,1.0641,1.1072,1.1543,1.1803,1.1558,1.0575,0.88002,0.6424,0.4548,0.54813,0.80366,1.0371,1.1695,1.2011
1.1476,1.0986,1.0071,0.99324,1.0414,1.0961,1.1236,1.114,1.0737,1.0207,0.98288,0.9893,1.0486,1.1353,1.2041,1.2226,1.195,1.1532,1.123,1.1064,1.0943,1.0849,1.0764,1.0487,0.99034,0.95279,0.98645,1.0469,1.0809,1.0667,1.001,0.99541,1.0736,1.0871,1.0166,0.88174,0.8233,0.94948,1.0859,1.1269,1.0939,1.054,1.0301,1.0181,1.027,1.0505,1.0622,1.0553,1.05,1.0703,1.119,1.1848,1.2533,1.2937,1.2622,1.1608,1.0423,0.94997,0.90545,0.91998,0.98865,1.0918,1.1804,1.2288
1.1212,1.0886,0.99766,0.96058,0.98571,1.0319,1.0705,1.0894,1.0837,1.0616,1.0435,1.0516,1.0991,1.1775,1.2452,1.2555,1.2143,1.169,1.1447,1.1304,1.109,1.0835,1.0658,1.0467,1.0087,0.98178,1.0028,1.0432,1.0653,1.0404,0.94138,0.91621,1.0158,1.0543,1.0112,0.90521,0.86478,0.97931,1.1078,1.1513,1.1068,1.0293,0.95515,0.92664,0.97165,1.0304,1.0589,1.0604,1.0625,1.0944,1.1585,1.2389,1.3158,1.3453,1.2918,1.1931,1.1072,1.054,1.03,1.0301,1.0512,1.0901,1.13,1.1623
1.1137,1.1145,1.0835,1.0513,1.0359,1.0414,1.0604,1.0768,1.0757,1.0582,1.0413,1.0465,1.0874,1.1545,1.2053,1.198,1.1487,1.1074,1.0951,1.0964,1.0907,1.0784,1.0735,1.0737,1.0623,1.0472,1.0462,1.0498,1.032,0.94284,0.75501,0.7792,0.96614,1.0503,1.048,0.98929,0.9619,1.025,1.1113,1.143,1.0882,0.97072,0.84279,0.83063,0.93869,1.0356,1.089,1.11,1.1225,1.1566,1.2178,1.2864,1.3319,1.3193,1.2506,1.1695,1.1086,1.0728,1.0554,1.0503,1.055,1.069,1.0885,1.108
1.1234,1.1547,1.1946,1.2054,1.1767,1.1371,1.1122,1.0928,1.0596,1.0098,0.9607,0.94407,0.98465,1.0638,1.1239,1.1277,1.0927,1.059,1.0463,1.0479,1.0506,1.0529,1.0636,1.0822,1.094,1.0902,1.073,1.0366,0.94586,0.71069,0.37114,0.64351,0.94808,1.0797,1.1165,1.0845,1.0408,1.049,1.0938,1.1126,1.0552,0.92733,0.8155,0.85926,0.97915,1.0731,1.1384,1.1809,1.2078,1.2398,1.283,1.318,1.3177,1.2712,1.1993,1.1324,1.086,1.0594,1.0448,1.0354,1.0291,1.0294,1.0476,1.0683
1.1278,1.1709,1.2503,1.3037,1.2887,1.225,1.1622,1.1063,1.0398,0.95386,0.86508,0.83022,0.8925,0.99835,1.0723,1.0931,1.0789,1.0559,1.0392,1.0302,1.026,1.028,1.0411,1.063,1.0815,1.0859,1.0697,1.0201,0.89818,0.65397,0.51401,0.77931,1.0144,1.1403,1.1878,1.1523,1.0865,1.0618,1.078,1.0884,1.0548,0.98671,0.94762,0.97948,1.0371,1.0944,1.1536,1.2063,1.2405,1.2622,1.2761,1.2747,1.2499,1.2028,1.1456,1.0921,1.0517,1.0259,1.0085,0.99202,0.97506,0.96817,1.0022,1.0354
1.1126,1.1472,1.2188,1.2806,1.2842,1.2264,1.1579,1.0968,1.0299,0.94785,0.87138,0.86257,0.93707,1.0244,1.0762,1.0895,1.079,1.0612,1.046,1.0352,1.0282,1.028,1.0386,1.0565,1.0722,1.0787,1.0699,1.0329,0.94494,0.81526,0.78843,0.92723,1.0814,1.1907,1.229,1.1773,1.1033,1.0713,1.077,1.0854,1.0714,1.0407,1.0233,1.0333,1.059,1.0973,1.1485,1.1949,1.22,1.229,1.2271,1.2131,1.1869,1.1514,1.1107,1.0694,1.0322,1.0032,0.98112,0.96176,0.94607,0.94695,0.9931,1.0295
