6.6716e-09,3.1073e-08,1.4472e-07,6.7401e-07,3.1392e-06,1.462e-05,6.809e-05,0.00031707,0.0014756,0.0068478,0.031369,0.13572,0.4749,1.0247,1.3628,1.4618,1.4618,1.3628,1.0247,0.4749,0.13572,0.031369,0.0068478,0.0014756,0.00031707,6.809e-05,1.462e-05,3.1392e-06,6.7401e-07,1.4472e-07,3.1073e-08,6.6716e-09
6.6716e-09,3.1073e-08,1.4472e-07,6.7401e-07,3.1392e-06,1.462e-05,6.809e-05,0.00031707,0.0014756,0.0068478,0.031369,0.13572,0.4749,1.0247,1.3628,1.4618,1.4618,1.3628,1.0247,0.4749,0.13572,0.031369,0.0068478,0.0014756,0.00031707,6.809e-05,1.462e-05,3.1392e-06,6.7401e-07,1.4472e-07,3.1073e-08,6.6716e-09
6.6716e-09,3.1073e-08,1.4472e-07,6.7401e-07,3.1392e-06,1.462e-05,6.809e-05,0.00031707,0.0014756,0.0068478,0.031369,0.13572,0.4749,1.0247,1.3628,1.4618,1.4618,1.3628,1.0247,0.4749,0.13572,0.031369,0.0068478,0.0014756,0.00031707,6.809e-05,1.462e-05,3.1392e-06,6.7401e-07,1.4472e-07,3.1073e-08,6.6716e-09
6.6716e-09,3.1073e-08,1.4472e-07,6.7401e-07,3.1392e-06,1.462e-05,6.809e-05,0.00031707,0.0014756,0.0068478,0.031369,0.13572,0.4749,1.0247,1.3628,1.4618,1.4618,1.3628,1.0247,0.4749,0.13572,0.031369,0.0068478,0.0014756,0.00031707,6.809e-05,1.462e-05,3.1392e-06,6.7401e-07,1.4472e-07,3.1073e-08,6.6716e-09
6.6716e-09,3.1073e-08,1.4472e-07,6.7401e-07,3.1392e-06,1.462e-05,6.809e-05,0.00031707,0.0014756,0.0068478,0.031369,0.13572,0.4749,1.0247,1.3628,1.4618,1.4618,1.3628,1.0247,0.4749,0.13572,0.031369,0.0068478,0.0014756,0.00031707,6.809e-05,1.462e-05,3.1392e-06,6.7401e-07,1.4472e-07,3.1073e-08,6.6716e-09
6.6716e-09,3.1073e-08,1.4472e-07,6.7401e-07,3.1392e-06,1.462e-05,6.809e-05,0.00031707,0.0014756,0.0068478,0.031369,0.13572,0.4749,1.0247,1.3628,1.4618,1.4618,1.3628,1.0247,0.4749,0.13572,0.031369,0.0068478,0.0014756,0.00031707,6.809e-05,1.462e-05,3.1392e-06,6.7401e-07,1.4472e-07,3.1073e-08,6.6716e-09
6.6716e-09,3.1073e-08,1.4472e-07,6.7401e-07,3.1392e-06,1.462e-05,6.809e-05,0.00031707,0.0014756,0.0068478,0.031369,0.13572,0.4749,1.0247,1.3628,1.4618,1.4618,1.3628,1.0247,0.4749,0.13572,0.031369,0.0068478,0.0014756,0.00031707,6.809e-05,1.462e-05,3.1392e-06,6.7401e-07,1.4472e-07,3.1073e-08,6.6716e-09
6.6716e-09,3.1073e-08,1.4472e-07,6.7401e-07,3.1392e-06,1.462e-05,6.809e-05,0.00031707,0.0014756,0.0068478,0.031369,0.13572,0.4749,1.0247,1.3628,1.4618,1.4618,1.3628,1.0247,0.4749,0.13572,0.031369,0.0068478,0.0014756,0.00031707,6.809e-05,1.462e-05,3.1392e-06,6.7401e-07,1.4472e-07,3.1073e-08,6.6716e-09
6.6716e-09,3.1073e-08,1.4472e-07,6.7401e-07,3.1392e-06,1.462e-05,6.809e-05,0.00031707,0.0014756,0.0068478,0.031369,0.13572,0.4749,1.0247,1.3628,1.4618,1.4618,1.3628,1.0247,0.4749,0.13572,0.031369,0.0068478,0.0014756,0.00031707,6.809e-05,1.462e-05,3.1392e-06,6.7401e-07,1.4472e-07,3.1073e-08,6.6716e-09
6.6716e-09,3.1073e-08,1.4472e-07,6.7401e-07,3.1392e-06,1.462e-05,6.809e-05,0.00031707,0.0014756,0.0068478,0.031369,0.13572,0.4749,1.0247,1.3628,1.4618,1.4618,1.3628,1.0247,0.4749,0.13572,0.031369,0.0068478,0.0014756,0.00031707,6.809e-05,1.462e-05,3.1392e-06,6.7401e-07,1.4472e-07,3.1073e-08,6.6716e-09
6.6716e-09,3.1073e-08,1.4472e-07,6.7401e-07,3.1392e-06,1.462e-05,6.809e-05,0.00031707,0.0014756,0.0068478,0.031369,0.13572,0.4749,1.0247,1.3628,1.4618,1.4618,1.3628,1.0247,0.4749,0.13572,0.031369,0.0068478,0.0014756,0.00031707,6.809e-05,1.462e-05,3.1392e-06,6.7401e-07,1.4472e-07,3.1073e-08,6.6716e-09
6.6716e-09,3.1073e-08,1.4472e-07,6.7401e-07,3.1392e-06,1.462e-05,6.809e-05,0.00031707,0.0014756,0.0068478,0.031369,0.13572,0.4749,1.0247,1.3628,1.4618,1.4618,1.3628,1.0247,0.4749,0.13572,0.031369,0.0068478,0.0014756,0.00031707,6.809e-05,1.462e-05,3.1392e-06,6.7401e-07,1.4472e-07,3.1073e-08,6.6716e-09
6.6716e-09,3.1073e-08,1.4472e-07,6.7401e-07,3.1392e-06,1.462e-05,6.809e-05,0.00031707,0.0014756,0.0068478,0.031369,0.13572,0.4749,1.0247,1.3628,1.4618,1.4618,1.3628,1.0247,0.4749,0.13572,0.031369,0.0068478,0.0014756,0.00031707,6.809e-05,1.462e-05,3.1392e-06,6.7401e-07,1.4472e-07,3.1073e-08,6.6716e-09
6.6716e-09,3.1073e-08,1.4472e-07,6.7401e-07,3.1392e-06,1.462e-05,6.809e-05,0.00031707,0.0014756,0.0068478,0.031369,0.13572,0.4749,1.0247,1.3628,1.4618,1.4618,1.3628,1.0247,0.4749,0.13572,0.031369,0.0068478,0.0014756,0.00031707,6.809e-05,1.462e-05,3.1392e-06,6.7401e-07,1.4472e-07,3.1073e-08,6.6716e-09
6.6716e-09,3.1073e-08,1.4472e-07,6.7401e-07,3.1392e-06,1.462e-05,6.809e-05,0.00031707,0.0014756,0.0068478,0.031369,0.13572,0.4749,1.0247,1.3628,1.4618,1.4618,1.3628,1.0247,0.4749,0.13572,0.031369,0.0068478,0.0014756,0.00031707,6.809e-05,1.462e-05,3.1392e-06,6.7401e-07,1.4472e-07,3.1073e-08,6.6716e-09
6.6716e-09,3.1073e-08,1.4472e-07,6.7401e-07,3.1392e-06,1.462e-05,6.809e-05,0.00031707,0.0014756,0.0068478,0.031369,0.13572,0.4749,1.0247,1.3628,1.4618,1.4618,1.3628,1.0247,0.4749,0.13572,0.031369,0.0068478,0.0014756,0.00031707,6.809e-05,1.462e-05,3.1392e-06,6.7401e-07,1.4472e-07,3.1073e-08,6.6716e-09
6.6716e-09,3.1073e-08,1.4472e-07,6.7401e-07,3.1392e-06,1.462e-05,6.809e-05,0.00031707,0.0014756,0.0068478,0.031369,0.13572,0.4749,1.0247,1.3628,1.4618,1.4618,1.3628,1.0247,0.4749,0.13572,0.031369,0.0068478,0.0014756,0.00031707,6.809e-05,1.462e-05,3.1392e-06,6.7401e-07,1.4472e-07,3.1073e-08,6.6716e-09
6.6716e-09,3.1073e-08,1.4472e-07,6.7401e-07,3.1392e-06,1.462e-05,6.809e-05,0.00031707,0.0014756,0.0068478,0.031369,0.13572,0.4749,1.0247,1.3628,1.4618,1.4618,1.3628,1.0247,0.4749,0.13572,0.031369,0.0068478,0.0014756,0.00031707,6.809e-05,1.462e-05,3.1392e-06,6.7401e-07,1.4472e-07,3.1073e-08,6.6716e-09
6.6716e-09,3.1073e-08,1.4472e-07,6.7401e-07,3.1392e-06,1.462e-05,6.809e-05,0.00031707,0.0014756,0.0068478,0.031369,0.13572,0.4749,1.0247,1.3628,1.4618,1.4618,1.3628,1.0247,0.4749,0.13572,0.031369,0.0068478,0.0014756,0.00031707,6.809e-05,1.462e-05,3.1392e-06,6.7401e-07,1.4472e-07,3.1073e-08,6.6716e-09
6.6716e-09,3.1073e-08,1.4472e-07,6.7401e-07,3.1392e-06,1.462e-05,6.809e-05,0.00031707,0.0014756,0.0068478,0.031369,0.13572,0.4749,1.0247,1.3628,1.4618,1.4618,1.3628,1.0247,0.4749,0.13572,0.031369,0.0068478,0.0014756,0.00031707,6.809e-05,1.462e-05,3.1392e-06,6.7401e-07,1.4472e-07,3.1073e-08,6.6716e-09
6.6716e-09,3.1073e-08,1.4472e-07,6.7401e-07,3.1392e-06,1.462e-05,6.809e-05,0.00031707,0.0014756,0.0068478,0.031369,0.13572,0.4749,1.0247,1.3628,1.4618,1.4618,1.3628,1.0247,0.4749,0.13572,0.031369,0.0068478,0.0014756,0.00031707,6.809e-05,1.462e-05,3.1392e-06,6.7401e-07,1.4472e-07,3.1073e-08,6.6716e-09
6.6716e-09,3.1073e-08,1.4472e-07,6.7401e-07,3.1392e-06,1.462e-05,6.809e-05,0.00031707,0.0014756,0.0068478,0.031369,0.13572,0.4749,1.0247,1.3628,1.4618,1.4618,1.3628,1.0247,0.4749,0.13572,0.031369,0.0068478,0.0014756,0.00031707,6.809e-05,1.462e-05,3.1392e-06,6.7401e-07,1.4472e-07,3.1073e-08,6.6716e-09
6.6716e-09,3.1073e-08,1.4472e-07,6.7401e-07,3.1392e-06,1.462e-05,6.809e-05,0.00031707,0.0014756,0.0068478,0.031369,0.13572,0.4749,1.0247,1.3628,1.4618,1.4618,1.3628,1.0247,0.4749,0.13572,0.031369,0.0068478,0.0014756,0.00031707,6.809e-05,1.462e-05,3.1392e-06,6.7401e-07,1.4472e-07,3.1073e-08,6.6716e-09
6.6716e-09,3.1073e-08,1.4472e-07,6.7401e-07,3.1392e-06,1.462e-05,6.809e-05,0.00031707,0.0014756,0.0068478,0.031369,0.13572,0.4749,1.0247,1.3628,1.4618,1.4618,1.3628,1.0247,0.4749,0.13572,0.031369,0.0068478,0.0014756,0.00031707,6.809e-05,1.462e-05,3.1392e-06,6.7401e-07,1.4472e-07,3.1073e-08,6.6716e-09
6.6716e-09,3.1073e-08,1.4472e-07,6.7401e-07,3.1392e-06,1.462e-05,6.809e-05,0.00031707,0.0014756,0.0068478,0.031369,0.13572,0.4749,1.0247,1.3628,1.4618,1.4618,1.3628,1.0247,0.4749,0.13572,0.031369,0.0068478,0.0014756,0.00031707,6.809e-05,1.462e-05,3.1392e-06,6.7401e-07,1.4472e-07,3.1073e-08,6.6716e-09
6.6716e-09,3.1073e-08,1.4472e-07,6.7401e-07,3.1392e-06,1.462e-05,6.809e-05,0.00031707,0.0014756,0.0068478,0.031369,0.13572,0.4749,1.0247,1.3628,1.4618,1.4618,1.3628,1.0247,0.4749,0.13572,0.031369,0.0068478,0.0014756,0.00031707,6.809e-05,1.462e-05,3.1392e-06,6.7401e-07,1.4472e-07,3.1073e-08,6.6716e-09
6.6716e-09,3.1073e-08,1.4472e-07,6.7401e-07,3.1392e-06,1.462e-05,6.809e-05,0.00031707,0.0014756,0.0068478,0.031369,0.13572,0.4749,1.0247,1.3628,1.4618,1.4618,1.3628,1.0247,0.4749,0.13572,0.031369,0.0068478,0.0014756,0.00031707,6.809e-05,1.462e-05,3.1392e-06,6.7401e-07,1.4472e-07,3.1073e-08,6.6716e-09
6.6716e-09,3.1073e-08,1.4472e-07,6.7401e-07,3.1392e-06,1.462e-05,6.809e-05,0.00031707,0.0014756,0.0068478,0.031369,0.13572,0.4749,1.0247,1.3628,1.4618,1.4618,1.3628,1.0247,0.4749,0.13572,0.031369,0.0068478,0.0014756,0.00031707,6.809e-05,1.462e-05,3.1392e-06,6.7401e-07,1.4472e-07,3.1073e-08,6.6716e-09
6.6716e-09,3.1073e-08,1.4472e-07,6.7401e-07,3.1392e-06,1.462e-05,6.809e-05,0.00031707,0.0014756,0.0068478,0.031369,0.13572,0.4749,1.0247,1.3628,1.4618,1.4618,1.3628,1.0247,0.4749,0.13572,0.031369,0.0068478,0.0014756,0.00031707,6.809e-05,1.462e-05,3.1392e-06,6.7401e-07,1.4472e-07,3.1073e-08,6.6716e-09
6.6716e-09,3.1073e-08,1.4472e-07,6.7401e-07,3.1392e-06,1.462e-05,6.809e-05,0.00031707,0.0014756,0.0068478,0.031369,0.13572,0.4749,1.0247,1.3628,1.4618,1.4618,1.3628,1.0247,0.4749,0.13572,0.031369,0.0068478,0.0014756,0.00031707,6.809e-05,1.462e-05,3.1392e-06,6.7401e-07,1.4472e-07,3.1073e-08,6.6716e-09
6.6716e-09,3.1073e-08,1.4472e-07,6.7401e-07,3.1392e-06,1.462e-05,6.809e-05,0.00031707,0.0014756,0.0068478,0.031369,0.13572,0.4749,1.0247,1.3628,1.4618,1.4618,1.3628,1.0247,0.4749,0.13572,0.031369,0.0068478,0.0014756,0.00031707,6.809e-05,1.462e-05,3.1392e-06,6.7401e-07,1.4472e-07,3.1073e-08,6.6716e-09
6.6716e-09,3.1073e-08,1.4472e-07,6.7401e-07,3.1392e-06,1.462e-05,6.809e-05,0.00031707,0.0014756,0.0068478,0.031369,0.13572,0.4749,1.0247,1.3628,1.4618,1.4618,1.3628,1.0247,0.4749,0.13572,0.031369,0.0068478,0.0014756,0.00031707,6.809e-05,1.462e-05,3.1392e-06,6.7401e-07,1.4472e-07,3.1073e-08,6.6716e-09
