0,0,0,0,0,0,0,0,0,0,0.24985,0.6337,1.1367,1.5,1.5,1.5,1.5,1.5,1.5,1.1367,0.6337,0.24985,0,0,0,0,0,0,0,0,0,0
0,0,0,0,0,0,0,0,0,0,0.030941,0.38414,0.83215,1.4486,1.5,1.5,1.5,1.5,1.4486,0.83215,0.38414,0.030941,0,0,0,0,0,0,0,0,0,0
0,0,0,0,0,0,0,0,0,0,0,0.1997,0.61479,1.1624,1.5,1.5,1.5,1.5,1.1624,0.61479,0.1997,0,0,0,0,0,0,0,0,0,0,0
0,0,0,0,0,0,0,0,0,0,0,0.068624,0.46332,0.97232,1.5,1.5,1.5,1.5,0.97232,0.46332,0.068624,0,0,0,0,0,0,0,0,0,0,0
0,0,0,0,0,0,0,0,0,0,0,0,0.36693,0.85438,1.5,1.5,1.5,1.5,0.85438,0.36693,0,0,0,0,0,0,0,0,0,0,0,0
0,0,0,0,0,0,0,0,0,0,0,0,0.31997,0.79764,1.4595,1.5,1.5,1.4595,0.79764,0.31997,0,0,0,0,0,0,0,0,0,0,0,0
0,0,0,0,0,0,0,0,0,0,0,0,0.31997,0.79764,1.4595,1.5,1.5,1.4595,0.79764,0.31997,0,0,0,0,0,0,0,0,0,0,0,0
0,0,0,0,0,0,0,0,0,0,0,0,0.36693,0.85438,1.5,1.5,1.5,1.5,0.85438,0.36693,0,0,0,0,0,0,0,0,0,0,0,0
0,0,0,0,0,0,0,0,0,0,0,0.068624,0.46332,0.97232,1.5,1.5,1.5,1.5,0.97232,0.46332,0.068624,0,0,0,0,0,0,0,0,0,0,0
0,0,0,0,0,0,0,0,0,0,0,0.1997,0.61479,1.1624,1.5,1.5,1.5,1.5,1.1624,0.61479,0.1997,0,0,0,0,0,0,0,0,0,0,0
0,0,0,0,0,0,0,0,0,0,0.030941,0.38414,0.83215,1.4486,1.5,1.5,1.5,1.5,1.4486,0.83215,0.38414,0.030941,0,0,0,0,0,0,0,0,0,0
0,0,0,0,0,0,0,0,0,0,0.24985,0.6337,1.1367,1.5,1.5,1.5,1.5,1.5,1.5,1.1367,0.6337,0.24985,0,0,0,0,0,0,0,0,0,0
0,0,0,0,0,0,0,0,0,0.19871,0.53672,0.97071,1.5,1.5,1.5,1.5,1.5,1.5,1.5,1.5,0.97071,0.53672,0.19871,0,0,0,0,0,0,0,0,0
0,0,0,0,0,0,0,0,0.22632,0.52989,0.91769,1.4466,1.5,1.5,1.5,1.5,1.5,1.5,1.5,1.5,1.4466,0.91769,0.52989,0.22632,0,0,0,0,0,0,0,0
0,0,0,0,0,0,0.11506,0.33502,0.61248,0.96936,1.4554,1.5,1.5,1.5,1.5,1.5,1.5,1.5,1.5,1.5,1.5,1.4554,0.96936,0.61248,0.33502,0.11506,0,0,0,0,0,0
0,0,0,0.065964,0.18041,0.3344,0.53493,0.7939,1.1338,1.5,1.5,1.5,1.5,1.5,1.5,1.5,1.5,1.5,1.5,1.5,1.5,1.5,1.5,1.1338,0.7939,0.53493,0.3344,0.18041,0.065964,0,0,0
0.36315,0.38097,0.43512,0.52788,0.66357,0.84979,1.1003,1.4435,1.5,1.5,1.5,1.5,1.5,1.5,1.5,1.5,1.5,1.5,1.5,1.5,1.5,1.5,1.5,1.5,1.4435,1.1003,0.84979,0.66357,0.52788,0.43512,0.38097,0.36315
0.9441,0.96668,1.0358,1.1565,1.3389,1.5,1.5,1.5,1.5,1.5,1.5,1.5,1.5,1.5,1.5,1.5,1.5,1.5,1.5,1.5,1.5,1.5,1.5,1.5,1.5,1.5,1.5,1.3389,1.1565,1.0358,0.96668,0.9441
1.5,1.5,1.5,1.5,1.5,1.5,1.5,1.5,1.5,1.5,1.5,1.5,1.5,1.5,1.5,1.5,1.5,1.5,1.5,1.5,1.5,1.5,1.5,1.5,1.5,1.5,1.5,1.5,1.5,1.5,1.5,1.5
1.5,1.5,1.5,1.5,1.5,1.5,1.5,1.5,1.5,1.5,1.5,1.5,1.5,1.5,1.5,1.5,1.5,1.5,1.5,1.5,1.5,1.5,1.5,1.5,1.5,1.5,1.5,1.5,1.5,1.5,1.5,1.5
1.5,1.5,1.5,1.5,1.5,1.5,1.5,1.5,1.5,1.5,1.5,1.5,1.5,1.5,1.5,1.5,1.5,1.5,1.5,1.5,1.5,1.5,1.5,1.5,1.5,1.5,1.5,1.5,1.5,1.5,1.5,1.5
1.5,1.5,1.5,1.5,1.5,1.5,1.5,1.5,1.5,1.5,1.5,1.5,1.5,1.5,1.5,1.5,1.5,1.5,1.5,1.5,1.5,1.5,1.5,1.5,1.5,1.5,1.5,1.5,1.5,1.5,1.5,1.5
1.5,1.5,1.5,1.5,1.5,1.5,1.5,1.5,1.5,1.5,1.5,1.5,1.5,1.5,1.5,1.5,1.5,1.5,1.5,1.5,1.5,1.5,1.5,1.5,1.5,1.5,1.5,1.5,1.5,1.5,1.5,1.5
1.5,1.5,1.5,1.5,1.5,1.5,1.5,1.5,1.5,1.5,1.5,1.5,1.5,1.5,1.5,1.5,1.5,1.5,1.5,1.5,1.5,1.5,1.5,1.5,1.5,1.5,1.5,1.5,1.5,1.5,1.5,1.5
1.5,1.5,1.5,1.5,1.5,1.5,1.5,1.5,1.5,1.5,1.5,1.5,1.5,1.5,1.5,1.5,1.5,1.5,1.5,1.5,1.5,1.5,1.5,1.5,1.5,1.5,1.5,1.5,1.5,1.5,1.5,1.5
1.5,1.5,1.5,1.5,1.5,1.5,1.5,1.5,1.5,1.5,1.5,1.5,1.5,1.5,1.5,1.5,1.5,1.5,1.5,1.5,1.5,1.5,1.5,1.5,1.5,1.5,1.5,1.5,1.5,1.5,1.5,1.5
1.5,1.5,1.5,1.5,1.5,1.5,1.5,1.5,1.5,1.5,1.5,1.5,1.5,1.5,1.5,1.5,1.5,1.5,1.5,1.5,1.5,1.5,1.5,1.5,1.5,1.5,1.5,1.5,1.5,1.5,1.5,1.5
1.5,1.5,1.5,1.5,1.5,1.5,1.5,1.5,1.5,1.5,1.5,1.5,1.5,1.5,1.5,1.5,1.5,1.5,1.5,1.5,1.5,1.5,1.5,1.5,1.5,1.5,1.5,1.5,1.5,1.5,1.5,1.5
1.5,1.5,1.5,1.5,1.5,1.5,1.5,1.5,1.5,1.5,1.5,1.5,1.5,1.5,1.5,1.5,1.5,1.5,1.5,1.5,1.5,1.5,1.5,1.5,1.5,1.5,1.5,1.5,1.5,1.5,1.5,1.5
1.5,1.5,1.5,1.5,1.5,1.5,1.5,1.5,1.5,1.5,1.5,1.5,1.5,1.5,1.5,1.5,1.5,1.5,1.5,1.5,1.5,1.5,1.5,1.5,1.5,1.5,1.5,1.5,1.5,1.5,1.5,1.5
1.5,1.5,1.5,1.5,1.5,1.5,1.5,1.5,1.5,1.5,1.5,1.5,1.5,1.5,1.5,1.5,1.5,1.5,1.5,1.5,1.5,1.5,1.5,1.5,1.5,1.5,1.5,1.5,1.5,1.5,1.5,1.5
1.5,1.5,1.5,1.5,1.5,1.5,1.5,1.5,1.5,1.5,1.5,1.5,1.5,1.5,1.5,1.5,1.5,1.5,1.5,1.5,1.5,1.5,1.5,1.5,1.5,1.5,1.5,1.5,1.5,1.5,1.5,1.5
