3.0313e-07,1.4118e-06,6.5753e-06,3.0624e-05,0.00014262,0.00066414,0.0030908,0.014343,0.065706,0.28428,0.99477,2.1468,2.8573,3.0759,3.1271,3.1378,3.1378,3.1271,3.0759,2.8573,2.1468,0.99477,0.28428,0.065706,0.014343,0.0030908,0.00066414,0.00014262,3.0624e-05,6.5753e-06,1.4118e-06,3.0313e-07
3.0313e-07,1.4118e-06,6.5753e-06,3.0624e-05,0.00014262,0.00066414,0.0030908,0.014343,0.065706,0.28428,0.99477,2.1468,2.8573,3.0759,3.1271,3.1378,3.1378,3.1271,3.0759,2.8573,2.1468,0.99477,0.28428,0.065706,0.014343,0.0030908,0.00066414,0.00014262,3.0624e-05,6.5753e-06,1.4118e-06,3.0313e-07
3.0313e-07,1.4118e-06,6.5753e-06,3.0624e-05,0.00014262,0.00066414,0.0030908,0.014343,0.065706,0.28428,0.99477,2.1468,2.8573,3.0759,3.1271,3.1378,3.1378,3.1271,3.0759,2.8573,2.1468,0.99477,0.28428,0.065706,0.014343,0.0030908,0.00066414,0.00014262,3.0624e-05,6.5753e-06,1.4118e-06,3.0313e-07
3.0313e-07,1.4118e-06,6.5753e-06,3.0624e-05,0.00014262,0.00066414,0.0030908,0.014343,0.065706,0.28428,0.99477,2.1468,2.8573,3.0759,3.1271,3.1378,3.1378,3.1271,3.0759,2.8573,2.1468,0.99477,0.28428,0.065706,0.014343,0.0030908,0.00066414,0.00014262,3.0624e-05,6.5753e-06,1.4118e-06,3.0313e-07
3.0313e-07,1.4118e-06,6.5753e-06,3.0624e-05,0.00014262,0.00066414,0.0030908,0.014343,0.065706,0.28428,0.99477,2.1468,2.8573,3.0759,3.1271,3.1378,3.1378,3.1271,3.0759,2.8573,2.1468,0.99477,0.28428,0.065706,0.014343,0.0030908,0.00066414,0.00014262,3.0624e-05,6.5753e-06,1.4118e-06,3.0313e-07
3.0313e-07,1.4118e-06,6.5753e-06,3.0624e-05,0.00014262,0.00066414,0.0030908,0.014343,0.065706,0.28428,0.99477,2.1468,2.8573,3.0759,3.1271,3.1378,3.1378,3.1271,3.0759,2.8573,2.1468,0.99477,0.28428,0.065706,0.014343,0.0030908,0.00066414,0.00014262,3.0624e-05,6.5753e-06,1.4118e-06,3.0313e-07
3.0313e-07,1.4118e-06,6.5753e-06,3.0624e-05,0.00014262,0.00066414,0.0030908,0.014343,0.065706,0.28428,0.99477,2.1468,2.8573,3.0759,3.1271,3.1378,3.1378,3.1271,3.0759,2.8573,2.1468,0.99477,0.28428,0.065706,0.014343,0.0030908,0.00066414,0.00014262,3.0624e-05,6.5753e-06,1.4118e-06,3.0313e-07
3.0313e-07,1.4118e-06,6.5753e-06,3.0624e-05,0.00014262,0.00066414,0.0030908,0.014343,0.065706,0.28428,0.99477,2.1468,2.8573,3.0759,3.1271,3.1378,3.1378,3.1271,3.0759,2.8573,2.1468,0.99477,0.28428,0.065706,0.014343,0.0030908,0.00066414,0.00014262,3.0624e-05,6.5753e-06,1.4118e-06,3.0313e-07
3.0313e-07,1.4118e-06,6.5753e-06,3.0624e-05,0.00014262,0.00066414,0.0030908,0.014343,0.065706,0.28428,0.99477,2.1468,2.8573,3.0759,3.1271,3.1378,3.1378,3.1271,3.0759,2.8573,2.1468,0.99477,0.28428,0.065706,0.014343,0.0030908,0.00066414,0.00014262,3.0624e-05,6.5753e-06,1.4118e-06,3.0313e-07
3.0313e-07,1.4118e-06,6.5753e-06,3.0624e-05,0.00014262,0.00066414,0.0030908,0.014343,0.065706,0.28428,0.99477,2.1468,2.8573,3.0759,3.1271,3.1378,3.1378,3.1271,3.0759,2.8573,2.1468,0.99477,0.28428,0.065706,0.014343,0.0030908,0.00066414,0.00014262,3.0624e-05,6.5753e-06,1.4118e-06,3.0313e-07
3.0313e-07,1.4118e-06,6.5753e-06,3.0624e-05,0.00014262,0.00066414,0.0030908,0.014343,0.065706,0.28428,0.99477,2.1468,2.8573,3.0759,3.1271,3.1378,3.1378,3.1271,3.0759,2.8573,2.1468,0.99477,0.28428,0.065706,0.014343,0.0030908,0.00066414,0.00014262,3.0624e-05,6.5753e-06,1.4118e-06,3.0313e-07
3.0313e-07,1.4118e-06,6.5753e-06,3.0624e-05,0.00014262,0.00066414,0.0030908,0.014343,0.065706,0.28428,0.99477,2.1468,2.8573,3.0759,3.1271,3.1378,3.1378,3.1271,3.0759,2.8573,2.1468,0.99477,0.28428,0.065706,0.014343,0.0030908,0.00066414,0.00014262,3.0624e-05,6.5753e-06,1.4118e-06,3.0313e-07
3.0313e-07,1.4118e-06,6.5753e-06,3.0624e-05,0.00014262,0.00066414,0.0030908,0.014343,0.065706,0.28428,0.99477,2.1468,2.8573,3.0759,3.1271,3.1378,3.1378,3.1271,3.0759,2.8573,2.1468,0.99477,0.28428,0.065706,0.014343,0.0030908,0.00066414,0.00014262,3.0624e-05,6.5753e-06,1.4118e-06,3.0313e-07
3.0313e-07,1.4118e-06,6.5753e-06,3.0624e-05,0.00014262,0.00066414,0.0030908,0.014343,0.065706,0.28428,0.99477,2.1468,2.8573,3.0759,3.1271,3.1378,3.1378,3.1271,3.0759,2.8573,2.1468,0.99477,0.28428,0.065706,0.014343,0.0030908,0.00066414,0.00014262,3.0624e-05,6.5753e-06,1.4118e-06,3.0313e-07
3.0313e-07,1.4118e-06,6.5753e-06,3.0624e-05,0.00014262,0.00066414,0.0030908,0.014343,0.065706,0.28428,0.99477,2.1468,2.8573,3.0759,3.1271,3.1378,3.1378,3.1271,3.0759,2.8573,2.1468,0.99477,0.28428,0.065706,0.014343,0.0030908,0.00066414,0.00014262,3.0624e-05,6.5753e-06,1.4118e-06,3.0313e-07
3.0313e-07,1.4118e-06,6.5753e-06,3.0624e-05,0.00014262,0.00066414,0.0030908,0.014343,0.065706,0.28428,0.99477,2.1468,2.8573,3.0759,3.1271,3.1378,3.1378,3.1271,3.0759,2.8573,2.1468,0.99477,0.28428,0.065706,0.014343,0.0030908,0.00066414,0.00014262,3.0624e-05,6.5753e-06,1.4118e-06,3.0313e-07
3.0313e-07,1.4118e-06,6.5753e-06,3.0624e-05,0.00014262,0.00066414,0.0030908,0.014343,0.065706,0.28428,0.99477,2.1468,2.8573,3.0759,3.1271,3.1378,3.1378,3.1271,3.0759,2.8573,2.1468,0.99477,0.28428,0.065706,0.014343,0.0030908,0.00066414,0.00014262,3.0624e-05,6.5753e-06,1.4118e-06,3.0313e-07
3.0313e-07,1.4118e-06,6.5753e-06,3.0624e-05,0.00014262,0.00066414,0.0030908,0.014343,0.065706,0.28428,0.99477,2.1468,2.8573,3.0759,3.1271,3.1378,3.1378,3.1271,3.0759,2.8573,2.1468,0.99477,0.28428,0.065706,0.014343,0.0030908,0.00066414,0.00014262,3.0624e-05,6.5753e-06,1.4118e-06,3.0313e-07
3.0313e-07,1.4118e-06,6.5753e-06,3.0624e-05,0.00014262,0.00066414,0.0030908,0.014343,0.065706,0.28428,0.99477,2.1468,2.8573,3.0759,3.1271,3.1378,3.1378,3.1271,3.0759,2.8573,2.1468,0.99477,0.28428,0.065706,0.014343,0.0030908,0.00066414,0.00014262,3.0624e-05,6.5753e-06,1.4118e-06,3.0313e-07
3.0313e-07,1.4118e-06,6.5753e-06,3.0624e-05,0.00014262,0.00066414,0.0030908,0.014343,0.065706,0.28428,0.99477,2.1468,2.8573,3.0759,3.1271,3.1378,3.1378,3.1271,3.0759,2.8573,2.1468,0.99477,0.28428,0.065706,0.014343,0.0030908,0.00066414,0.00014262,3.0624e-05,6.5753e-06,1.4118e-06,3.0313e-07
3.0313e-07,1.4118e-06,6.5753e-06,3.0624e-05,0.00014262,0.00066414,0.0030908,0.014343,0.065706,0.28428,0.99477,2.1468,2.8573,3.0759,3.1271,3.1378,3.1378,3.1271,3.0759,2.8573,2.1468,0.99477,0.28428,0.065706,0.014343,0.0030908,0.00066414,0.00014262,3.0624e-05,6.5753e-06,1.4118e-06,3.0313e-07
3.0313e-07,1.4118e-06,6.5753e-06,3.0624e-05,0.00014262,0.00066414,0.0030908,0.014343,0.065706,0.28428,0.99477,2.1468,2.8573,3.0759,3.1271,3.1378,3.1378,3.1271,3.0759,2.8573,2.1468,0.99477,0.28428,0.065706,0.014343,0.0030908,0.00066414,0.00014262,3.0624e-05,6.5753e-06,1.4118e-06,3.0313e-07
3.0313e-07,1.4118e-06,6.5753e-06,3.0624e-05,0.00014262,0.00066414,0.0030908,0.014343,0.065706,0.28428,0.99477,2.1468,2.8573,3.0759,3.1271,3.1378,3.1378,3.1271,3.0759,2.8573,2.1468,0.99477,0.28428,0.065706,0.014343,0.0030908,0.00066414,0.00014262,3.0624e-05,6.5753e-06,1.4118e-06,3.0313e-07
3.0313e-07,1.4118e-06,6.5753e-06,3.0624e-05,0.00014262,0.00066414,0.0030908,0.014343,0.065706,0.28428,0.99477,2.1468,2.8573,3.0759,3.1271,3.1378,3.1378,3.1271,3.0759,2.8573,2.1468,0.99477,0.28428,0.065706,0.014343,0.0030908,0.00066414,0.00014262,3.0624e-05,6.5753e-06,1.4118e-06,3.0313e-07
3.0313e-07,1.4118e-06,6.5753e-06,3.0624e-05,0.00014262,0.00066414,0.0030908,0.014343,0.065706,0.28428,0.99477,2.1468,2.8573,3.0759,3.1271,3.1378,3.1378,3.1271,3.0759,2.8573,2.1468,0.99477,0.28428,0.065706,0.014343,0.0030908,0.00066414,0.00014262,3.0624e-05,6.5753e-06,1.4118e-06,3.0313e-07
3.0313e-07,1.4118e-06,6.5753e-06,3.0624e-05,0.00014262,0.00066414,0.0030908,0.014343,0.065706,0.28428,0.99477,2.1468,2.8573,3.0759,3.1271,3.1378,3.1378,3.1271,3.0759,2.8573,2.1468,0.99477,0.28428,0.065706,0.014343,0.0030908,0.00066414,0.00014262,3.0624e-05,6.5753e-06,1.4118e-06,3.0313e-07
3.0313e-07,1.4118e-06,6.5753e-06,3.0624e-05,0.00014262,0.00066414,0.0030908,0.014343,0.065706,0.28428,0.99477,2.1468,2.8573,3.0759,3.1271,3.1378,3.1378,3.1271,3.0759,2.8573,2.1468,0.99477,0.28428,0.065706,0.014343,0.0030908,0.00066414,0.00014262,3.0624e-05,6.5753e-06,1.4118e-06,3.0313e-07
3.0313e-07,1.4118e-06,6.5753e-06,3.0624e-05,0.00014262,0.00066414,0.0030908,0.014343,0.065706,0.28428,0.99477,2.1468,2.8573,3.0759,3.1271,3.1378,3.1378,3.1271,3.0759,2.8573,2.1468,0.99477,0.28428,0.065706,0.014343,0.0030908,0.00066414,0.00014262,3.0624e-05,6.5753e-06,1.4118e-06,3.0313e-07
3.0313e-07,1.4118e-06,6.5753e-06,3.0624e-05,0.00014262,0.00066414,0.0030908,0.014343,0.065706,0.28428,0.99477,2.1468,2.8573,3.0759,3.1271,3.1378,3.1378,3.1271,3.0759,2.8573,2.1468,0.99477,0.28428,0.065706,0.014343,0.0030908,0.00066414,0.00014262,3.0624e-05,6.5753e-06,1.4118e-06,3.0313e-07
3.0313e-07,1.4118e-06,6.5753e-06,3.0624e-05,0.00014262,0.00066414,0.0030908,0.014343,0.065706,0.28428,0.99477,2.1468,2.8573,3.0759,3.1271,3.1378,3.1378,3.1271,3.0759,2.8573,2.1468,0.99477,0.28428,0.065706,0.014343,0.0030908,0.00066414,0.00014262,3.0624e-05,6.5753e-06,1.4118e-06,3.0313e-07
3.0313e-07,1.4118e-06,6.5753e-06,3.0624e-05,0.00014262,0.00066414,0.0030908,0.014343,0.065706,0.28428,0.99477,2.1468,2.8573,3.0759,3.1271,3.1378,3.1378,3.1271,3.0759,2.8573,2.1468,0.99477,0.28428,0.065706,0.014343,0.0030908,0.00066414,0.00014262,3.0624e-05,6.5753e-06,1.4118e-06,3.0313e-07
3.0313e-07,1.4118e-06,6.5753e-06,3.0624e-05,0.00014262,0.00066414,0.0030908,0.014343,0.065706,0.28428,0.99477,2.1468,2.8573,3.0759,3.1271,3.1378,3.1378,3.1271,3.0759,2.8573,2.1468,0.99477,0.28428,0.065706,0.014343,0.0030908,0.00066414,0.00014262,3.0624e-05,6.5753e-06,1.4118e-06,3.0313e-07
