3.1075e-08,1.4473e-07,6.7407e-07,3.1394e-06,1.4622e-05,6.8096e-05,0.0003171,0.0014757,0.0068485,0.031372,0.13573,0.47497,1.025,1.3642,1.4683,1.4917,1.4917,1.4683,1.3642,1.025,0.47497,0.13573,0.031372,0.0068485,0.0014757,0.0003171,6.8096e-05,1.4622e-05,3.1394e-06,6.7407e-07,1.4473e-07,3.1075e-08
3.1075e-08,1.4473e-07,6.7407e-07,3.1394e-06,1.4622e-05,6.8096e-05,0.0003171,0.0014757,0.0068485,0.031372,0.13573,0.47497,1.025,1.3642,1.4683,1.4917,1.4917,1.4683,1.3642,1.025,0.47497,0.13573,0.031372,0.0068485,0.0014757,0.0003171,6.8096e-05,1.4622e-05,3.1394e-06,6.7407e-07,1.4473e-07,3.1075e-08
3.1075e-08,1.4473e-07,6.7407e-07,3.1394e-06,1.4622e-05,6.8096e-05,0.0003171,0.0014757,0.0068485,0.031372,0.13573,0.47497,1.025,1.3642,1.4683,1.4917,1.4917,1.4683,1.3642,1.025,0.47497,0.13573,0.031372,0.0068485,0.0014757,0.0003171,6.8096e-05,1.4622e-05,3.1394e-06,6.7407e-07,1.4473e-07,3.1075e-08
3.1075e-08,1.4473e-07,6.7407e-07,3.1394e-06,1.4622e-05,6.8096e-05,0.0003171,0.0014757,0.0068485,0.031372,0.13573,0.47497,1.025,1.3642,1.4683,1.4917,1.4917,1.4683,1.3642,1.025,0.47497,0.13573,0.031372,0.0068485,0.0014757,0.0003171,6.8096e-05,1.4622e-05,3.1394e-06,6.7407e-07,1.4473e-07,3.1075e-08
3.1075e-08,1.4473e-07,6.7407e-07,3.1394e-06,1.4622e-05,6.8096e-05,0.0003171,0.0014757,0.0068485,0.031372,0.13573,0.47497,1.025,1.3642,1.4683,1.4917,1.4917,1.4683,1.3642,1.025,0.47497,0.13573,0.031372,0.0068485,0.0014757,0.0003171,6.8096e-05,1.4622e-05,3.1394e-06,6.7407e-07,1.4473e-07,3.1075e-08
3.1075e-08,1.4473e-07,6.7407e-07,3.1394e-06,1.4622e-05,6.8096e-05,0.0003171,0.0014757,0.0068485,0.031372,0.13573,0.47497,1.025,1.3642,1.4683,1.4917,1.4917,1.4683,1.3642,1.025,0.47497,0.13573,0.031372,0.0068485,0.0014757,0.0003171,6.8096e-05,1.4622e-05,3.1394e-06,6.7407e-07,1.4473e-07,3.1075e-08
3.1075e-08,1.4473e-07,6.7407e-07,3.1394e-06,1.4622e-05,6.8096e-05,0.0003171,0.0014757,0.0068485,0.031372,0.13573,0.47497,1.025,1.3642,1.4683,1.4917,1.4917,1.4683,1.3642,1.025,0.47497,0.13573,0.031372,0.0068485,0.0014757,0.0003171,6.8096e-05,1.4622e-05,3.1394e-06,6.7407e-07,1.4473e-07,3.1075e-08
3.1075e-08,1.4473e-07,6.7407e-07,3.1394e-06,1.4622e-05,6.8096e-05,0.0003171,0.0014757,0.0068485,0.031372,0.13573,0.47497,1.025,1.3642,1.4683,1.4917,1.4917,1.4683,1.3642,1.025,0.47497,0.13573,0.031372,0.0068485,0.0014757,0.0003171,6.8096e-05,1.4622e-05,3.1394e-06,6.7407e-07,1.4473e-07,3.1075e-08
3.1075e-08,1.4473e-07,6.7407e-07,3.1394e-06,1.4622e-05,6.8096e-05,0.0003171,0.0014757,0.0068485,0.031372,0.13573,0.47497,1.025,1.3642,1.4683,1.4917,1.4917,1.4683,1.3642,1.025,0.47497,0.13573,0.031372,0.0068485,0.0014757,0.0003171,6.8096e-05,1.4622e-05,3.1394e-06,6.7407e-07,1.4473e-07,3.1075e-08
3.1075e-08,1.4473e-07,6.7407e-07,3.1394e-06,1.4622e-05,6.8096e-05,0.0003171,0.0014757,0.0068485,0.031372,0.13573,0.47497,1.025,1.3642,1.4683,1.4917,1.4917,1.4683,1.3642,1.025,0.47497,0.13573,0.031372,0.0068485,0.0014757,0.0003171,6.8096e-05,1.4622e-05,3.1394e-06,6.7407e-07,1.4473e-07,3.1075e-08
3.1075e-08,1.4473e-07,6.7407e-07,3.1394e-06,1.4622e-05,6.8096e-05,0.0003171,0.0014757,0.0068485,0.031372,0.13573,0.47497,1.025,1.3642,1.4683,1.4917,1.4917,1.4683,1.3642,1.025,0.47497,0.13573,0.031372,0.0068485,0.0014757,0.0003171,6.8096e-05,1.4622e-05,3.1394e-06,6.7407e-07,1.4473e-07,3.1075e-08
3.1075e-08,1.4473e-07,6.7407e-07,3.1394e-06,1.4622e-05,6.8096e-05,0.0003171,0.0014757,0.0068485,0.031372,0.13573,0.47497,1.025,1.3642,1.4683,1.4917,1.4917,1.4683,1.3642,1.025,0.47497,0.13573,0.031372,0.0068485,0.0014757,0.0003171,6.8096e-05,1.4622e-05,3.1394e-06,6.7407e-07,1.4473e-07,3.1075e-08
3.1075e-08,1.4473e-07,6.7407e-07,3.1394e-06,1.4622e-05,6.8096e-05,0.0003171,0.0014757,0.0068485,0.031372,0.13573,0.47497,1.025,1.3642,1.4683,1.4917,1.4917,1.4683,1.3642,1.025,0.47497,0.13573,0.031372,0.0068485,0.0014757,0.0003171,6.8096e-05,1.4622e-05,3.1394e-06,6.7407e-07,1.4473e-07,3.1075e-08
3.1075e-08,1.4473e-07,6.7407e-07,3.1394e-06,1.4622e-05,6.8096e-05,0.0003171,0.0014757,0.0068485,0.031372,0.13573,0.47497,1.025,1.3642,1.4683,1.4917,1.4917,1.4683,1.3642,1.025,0.47497,0.13573,0.031372,0.0068485,0.0014757,0.0003171,6.8096e-05,1.4622e-05,3.1394e-06,6.7407e-07,1.4473e-07,3.1075e-08
3.1075e-08,1.4473e-07,6.7407e-07,3.1394e-06,1.4622e-05,6.8096e-05,0.0003171,0.0014757,0.0068485,0.031372,0.13573,0.47497,1.025,1.3642,1.4683,1.4917,1.4917,1.4683,1.3642,1.025,0.47497,0.13573,0.031372,0.0068485,0.0014757,0.0003171,6.8096e-05,1.4622e-05,3.1394e-06,6.7407e-07,1.4473e-07,3.1075e-08
3.1075e-08,1.4473e-07,6.7407e-07,3.1394e-06,1.4622e-05,6.8096e-05,0.0003171,0.0014757,0.0068485,0.031372,0.13573,0.47497,1.025,1.3642,1.4683,1.4917,1.4917,1.4683,1.3642,1.025,0.47497,0.13573,0.031372,0.0068485,0.0014757,0.0003171,6.8096e-05,1.4622e-05,3.1394e-06,6.7407e-07,1.4473e-07,3.1075e-08
3.1075e-08,1.4473e-07,6.7407e-07,3.1394e-06,1.4622e-05,6.8096e-05,0.0003171,0.0014757,0.0068485,0.031372,0.13573,0.47497,1.025,1.3642,1.4683,1.4917,1.4917,1.4683,1.3642,1.025,0.47497,0.13573,0.031372,0.0068485,0.0014757,0.0003171,6.8096e-05,1.4622e-05,3.1394e-06,6.7407e-07,1.4473e-07,3.1075e-08
3.1075e-08,1.4473e-07,6.7407e-07,3.1394e-06,1.4622e-05,6.8096e-05,0.0003171,0.0014757,0.0068485,0.031372,0.13573,0.47497,1.025,1.3642,1.4683,1.4917,1.4917,1.4683,1.3642,1.025,0.47497,0.13573,0.031372,0.0068485,0.0014757,0.0003171,6.8096e-05,1.4622e-05,3.1394e-06,6.7407e-07,1.4473e-07,3.1075e-08
3.1075e-08,1.4473e-07,6.7407e-07,3.1394e-06,1.4622e-05,6.8096e-05,0.0003171,0.0014757,0.0068485,0.031372,0.13573,0.47497,1.025,1.3642,1.4683,1.4917,1.4917,1.4683,1.3642,1.025,0.47497,0.13573,0.031372,0.0068485,0.0014757,0.0003171,6.8096e-05,1.4622e-05,3.1394e-06,6.7407e-07,1.4473e-07,3.1075e-08
3.1075e-08,1.4473e-07,6.7407e-07,3.1394e-06,1.4622e-05,6.8096e-05,0.0003171,0.0014757,0.0068485,0.031372,0.13573,0.47497,1.025,1.3642,1.4683,1.4917,1.4917,1.4683,1.3642,1.025,0.47497,0.13573,0.031372,0.0068485,0.0014757,0.0003171,6.8096e-05,1.4622e-05,3.1394e-06,6.7407e-07,1.4473e-07,3.1075e-08
3.1075e-08,1.4473e-07,6.7407e-07,3.1394e-06,1.4622e-05,6.8096e-05,0.0003171,0.0014757,0.0068485,0.031372,0.13573,0.47497,1.025,1.3642,1.4683,1.4917,1.4917,1.4683,1.3642,1.025,0.47497,0.13573,0.031372,0.0068485,0.0014757,0.0003171,6.8096e-05,1.4622e-05,3.1394e-06,6.7407e-07,1.4473e-07,3.1075e-08
3.1075e-08,1.4473e-07,6.7407e-07,3.1394e-06,1.4622e-05,6.8096e-05,0.0003171,0.0014757,0.0068485,0.031372,0.13573,0.47497,1.025,1.3642,1.4683,1.4917,1.4917,1.4683,1.3642,1.025,0.47497,0.13573,0.031372,0.0068485,0.0014757,0.0003171,6.8096e-05,1.4622e-05,3.1394e-06,6.7407e-07,1.4473e-07,3.1075e-08
3.1075e-08,1.4473e-07,6.7407e-07,3.1394e-06,1.4622e-05,6.8096e-05,0.0003171,0.0014757,0.0068485,0.031372,0.13573,0.47497,1.025,1.3642,1.4683,1.4917,1.4917,1.4683,1.3642,1.025,0.47497,0.13573,0.031372,0.0068485,0.0014757,0.0003171,6.8096e-05,1.4622e-05,3.1394e-06,6.7407e-07,1.4473e-07,3.1075e-08
3.1075e-08,1.4473e-07,6.7407e-07,3.1394e-06,1.4622e-05,6.8096e-05,0.0003171,0.0014757,0.0068485,0.031372,0.13573,0.47497,1.025,1.3642,1.4683,1.4917,1.4917,1.4683,1.3642,1.025,0.47497,0.13573,0.031372,0.0068485,0.0014757,0.0003171,6.8096e-05,1.4622e-05,3.1394e-06,6.7407e-07,1.4473e-07,3.1075e-08
3.1075e-08,1.4473e-07,6.7407e-07,3.1394e-06,1.4622e-05,6.8096e-05,0.0003171,0.0014757,0.0068485,0.031372,0.13573,0.47497,1.025,1.3642,1.4683,1.4917,1.4917,1.4683,1.3642,1.025,0.47497,0.13573,0.031372,0.0068485,0.0014757,0.0003171,6.8096e-05,1.4622e-05,3.1394e-06,6.7407e-07,1.4473e-07,3.1075e-08
3.1075e-08,1.4473e-07,6.7407e-07,3.1394e-06,1.4622e-05,6.8096e-05,0.0003171,0.0014757,0.0068485,0.031372,0.13573,0.47497,1.025,1.3642,1.4683,1.4917,1.4917,1.4683,1.3642,1.025,0.47497,0.13573,0.031372,0.0068485,0.0014757,0.0003171,6.8096e-05,1.4622e-05,3.1394e-06,6.7407e-07,1.4473e-07,3.1075e-08
3.1075e-08,1.4473e-07,6.7407e-07,3.1394e-06,1.4622e-05,6.8096e-05,0.0003171,0.0014757,0.0068485,0.031372,0.13573,0.47497,1.025,1.3642,1.4683,1.4917,1.4917,1.4683,1.3642,1.025,0.47497,0.13573,0.031372,0.0068485,0.0014757,0.0003171,6.8096e-05,1.4622e-05,3.1394e-06,6.7407e-07,1.4473e-07,3.1075e-08
3.1075e-08,1.4473e-07,6.7407e-07,3.1394e-06,1.4622e-05,6.8096e-05,0.0003171,0.0014757,0.0068485,0.031372,0.13573,0.47497,1.025,1.3642,1.4683,1.4917,1.4917,1.4683,1.3642,1.025,0.47497,0.13573,0.031372,0.0068485,0.0014757,0.0003171,6.8096e-05,1.4622e-05,3.1394e-06,6.7407e-07,1.4473e-07,3.1075e-08
3.1075e-08,1.4473e-07,6.7407e-07,3.1394e-06,1.4622e-05,6.8096e-05,0.0003171,0.0014757,0.0068485,0.031372,0.13573,0.47497,1.025,1.3642,1.4683,1.4917,1.4917,1.4683,1.3642,1.025,0.47497,0.13573,0.031372,0.0068485,0.0014757,0.0003171,6.8096e-05,1.4622e-05,3.1394e-06,6.7407e-07,1.4473e-07,3.1075e-08
3.1075e-08,1.4473e-07,6.7407e-07,3.1394e-06,1.4622e-05,6.8096e-05,0.0003171,0.0014757,0.0068485,0.031372,0.13573,0.47497,1.025,1.3642,1.4683,1.4917,1.4917,1.4683,1.3642,1.025,0.47497,0.13573,0.031372,0.0068485,0.0014757,0.0003171,6.8096e-05,1.4622e-05,3.1394e-06,6.7407e-07,1.4473e-07,3.1075e-08
3.1075e-08,1.4473e-07,6.7407e-07,3.1394e-06,1.4622e-05,6.8096e-05,0.0003171,0.0014757,0.0068485,0.031372,0.13573,0.47497,1.025,1.3642,1.4683,1.4917,1.4917,1.4683,1.3642,1.025,0.47497,0.13573,0.031372,0.0068485,0.0014757,0.0003171,6.8096e-05,1.4622e-05,3.1394e-06,6.7407e-07,1.4473e-07,3.1075e-08
3.1075e-08,1.4473e-07,6.7407e-07,3.1394e-06,1.4622e-05,6.8096e-05,0.0003171,0.0014757,0.0068485,0.031372,0.13573,0.47497,1.025,1.3642,1.4683,1.4917,1.4917,1.4683,1.3642,1.025,0.47497,0.13573,0.031372,0.0068485,0.0014757,0.0003171,6.8096e-05,1.4622e-05,3.1394e-06,6.7407e-07,1.4473e-07,3.1075e-08
