7.0589e-07,3.2876e-06,1.5312e-05,7.1311e-05,0.00033207,0.0015454,0.0071717,0.032853,0.14214,0.49739,1.0734,1.4287,1.5379,1.5636,1.5692,1.5704,1.5704,1.5692,1.5636,1.5379,1.4287,1.0734,0.49739,0.14214,0.032853,0.0071717,0.0015454,0.00033207,7.1311e-05,1.5312e-05,3.2876e-06,7.0589e-07
7.0589e-07,3.2876e-06,1.5312e-05,7.1311e-05,0.00033207,0.0015454,0.0071717,0.032853,0.14214,0.49739,1.0734,1.4287,1.5379,1.5636,1.5692,1.5704,1.5704,1.5692,1.5636,1.5379,1.4287,1.0734,0.49739,0.14214,0.032853,0.0071717,0.0015454,0.00033207,7.1311e-05,1.5312e-05,3.2876e-06,7.0589e-07
7.0589e-07,3.2876e-06,1.5312e-05,7.1311e-05,0.00033207,0.0015454,0.0071717,0.032853,0.14214,0.49739,1.0734,1.4287,1.5379,1.5636,1.5692,1.5704,1.5704,1.5692,1.5636,1.5379,1.4287,1.0734,0.49739,0.14214,0.032853,0.0071717,0.0015454,0.00033207,7.1311e-05,1.5312e-05,3.2876e-06,7.0589e-07
7.0589e-07,3.2876e-06,1.5312e-05,7.1311e-05,0.00033207,0.0015454,0.0071717,0.032853,0.14214,0.49739,1.0734,1.4287,1.5379,1.5636,1.5692,1.5704,1.5704,1.5692,1.5636,1.5379,1.4287,1.0734,0.49739,0.14214,0.032853,0.0071717,0.0015454,0.00033207,7.1311e-05,1.5312e-05,3.2876e-06,7.0589e-07
7.0589e-07,3.2876e-06,1.5312e-05,7.1311e-05,0.00033207,0.0015454,0.0071717,0.032853,0.14214,0.49739,1.0734,1.4287,1.5379,1.5636,1.5692,1.5704,1.5704,1.5692,1.5636,1.5379,1.4287,1.0734,0.49739,0.14214,0.032853,0.0071717,0.0015454,0.00033207,7.1311e-05,1.5312e-05,3.2876e-06,7.0589e-07
7.0589e-07,3.2876e-06,1.5312e-05,7.1311e-05,0.00033207,0.0015454,0.0071717,0.032853,0.14214,0.49739,1.0734,1.4287,1.5379,1.5636,1.5692,1.5704,1.5704,1.5692,1.5636,1.5379,1.4287,1.0734,0.49739,0.14214,0.032853,0.0071717,0.0015454,0.00033207,7.1311e-05,1.5312e-05,3.2876e-06,7.0589e-07
7.0589e-07,3.2876e-06,1.5312e-05,7.1311e-05,0.00033207,0.0015454,0.0071717,0.032853,0.14214,0.49739,1.0734,1.4287,1.5379,1.5636,1.5692,1.5704,1.5704,1.5692,1.5636,1.5379,1.4287,1.0734,0.49739,0.14214,0.032853,0.0071717,0.0015454,0.00033207,7.1311e-05,1.5312e-05,3.2876e-06,7.0589e-07
7.0589e-07,3.2876e-06,1.5312e-05,7.1311e-05,0.00033207,0.0015454,0.0071717,0.032853,0.14214,0.49739,1.0734,1.4287,1.5379,1.5636,1.5692,1.5704,1.5704,1.5692,1.5636,1.5379,1.4287,1.0734,0.49739,0.14214,0.032853,0.0071717,0.0015454,0.00033207,7.1311e-05,1.5312e-05,3.2876e-06,7.0589e-07
7.0589e-07,3.2876e-06,1.5312e-05,7.1311e-05,0.00033207,0.0015454,0.0071717,0.032853,0.14214,0.49739,1.0734,1.4287,1.5379,1.5636,1.5692,1.5704,1.5704,1.5692,1.5636,1.5379,1.4287,1.0734,0.49739,0.14214,0.032853,0.0071717,0.0015454,0.00033207,7.1311e-05,1.5312e-05,3.2876e-06,7.0589e-07
7.0589e-07,3.2876e-06,1.5312e-05,7.1311e-05,0.00033207,0.0015454,0.0071717,0.032853,0.14214,0.49739,1.0734,1.4287,1.5379,1.5636,1.5692,1.5704,1.5704,1.5692,1.5636,1.5379,1.4287,1.0734,0.49739,0.14214,0.032853,0.0071717,0.0015454,0.00033207,7.1311e-05,1.5312e-05,3.2876e-06,7.0589e-07
7.0589e-07,3.2876e-06,1.5312e-05,7.1311e-05,0.00033207,0.0015454,0.0071717,0.032853,0.14214,0.49739,1.0734,1.4287,1.5379,1.5636,1.5692,1.5704,1.5704,1.5692,1.5636,1.5379,1.4287,1.0734,0.49739,0.14214,0.032853,0.0071717,0.0015454,0.00033207,7.1311e-05,1.5312e-05,3.2876e-06,7.0589e-07
7.0589e-07,3.2876e-06,1.5312e-05,7.1311e-05,0.00033207,0.0015454,0.0071717,0.032853,0.14214,0.49739,1.0734,1.4287,1.5379,1.5636,1.5692,1.5704,1.5704,1.5692,1.5636,1.5379,1.4287,1.0734,0.49739,0.14214,0.032853,0.0071717,0.0015454,0.00033207,7.1311e-05,1.5312e-05,3.2876e-06,7.0589e-07
7.0589e-07,3.2876e-06,1.5312e-05,7.1311e-05,0.00033207,0.0015454,0.0071717,0.032853,0.14214,0.49739,1.0734,1.4287,1.5379,1.5636,1.5692,1.5704,1.5704,1.5692,1.5636,1.5379,1.4287,1.0734,0.49739,0.14214,0.032853,0.0071717,0.0015454,0.00033207,7.1311e-05,1.5312e-05,3.2876e-06,7.0589e-07
7.0589e-07,3.2876e-06,1.5312e-05,7.1311e-05,0.00033207,0.0015454,0.0071717,0.032853,0.14214,0.49739,1.0734,1.4287,1.5379,1.5636,1.5692,1.5704,1.5704,1.5692,1.5636,1.5379,1.4287,1.0734,0.49739,0.14214,0.032853,0.0071717,0.0015454,0.00033207,7.1311e-05,1.5312e-05,3.2876e-06,7.0589e-07
7.0589e-07,3.2876e-06,1.5312e-05,7.1311e-05,0.00033207,0.0015454,0.0071717,0.032853,0.14214,0.49739,1.0734,1.4287,1.5379,1.5636,1.5692,1.5704,1.5704,1.5692,1.5636,1.5379,1.4287,1.0734,0.49739,0.14214,0.032853,0.0071717,0.0015454,0.00033207,7.1311e-05,1.5312e-05,3.2876e-06,7.0589e-07
7.0589e-07,3.2876e-06,1.5312e-05,7.1311e-05,0.00033207,0.0015454,0.0071717,0.032853,0.14214,0.49739,1.0734,1.4287,1.5379,1.5636,1.5692,1.5704,1.5704,1.5692,1.5636,1.5379,1.4287,1.0734,0.49739,0.14214,0.032853,0.0071717,0.0015454,0.00033207,7.1311e-05,1.5312e-05,3.2876e-06,7.0589e-07
7.0589e-07,3.2876e-06,1.5312e-05,7.1311e-05,0.00033207,0.0015454,0.0071717,0.032853,0.14214,0.49739,1.0734,1.4287,1.5379,1.5636,1.5692,1.5704,1.5704,1.5692,1.5636,1.5379,1.4287,1.0734,0.49739,0.14214,0.032853,0.0071717,0.0015454,0.00033207,7.1311e-05,1.5312e-05,3.2876e-06,7.0589e-07
7.0589e-07,3.2876e-06,1.5312e-05,7.1311e-05,0.00033207,0.0015454,0.0071717,0.032853,0.14214,0.49739,1.0734,1.4287,1.5379,1.5636,1.5692,1.5704,1.5704,1.5692,1.5636,1.5379,1.4287,1.0734,0.49739,0.14214,0.032853,0.0071717,0.0015454,0.00033207,7.1311e-05,1.5312e-05,3.2876e-06,7.0589e-07
7.0589e-07,3.2876e-06,1.5312e-05,7.1311e-05,0.00033207,0.0015454,0.0071717,0.032853,0.14214,0.49739,1.0734,1.4287,1.5379,1.5636,1.5692,1.5704,1.5704,1.5692,1.5636,1.5379,1.4287,1.0734,0.49739,0.14214,0.032853,0.0071717,0.0015454,0.00033207,7.1311e-05,1.5312e-05,3.2876e-06,7.0589e-07
7.0589e-07,3.2876e-06,1.5312e-05,7.1311e-05,0.00033207,0.0015454,0.0071717,0.032853,0.14214,0.49739,1.0734,1.4287,1.5379,1.5636,1.5692,1.5704,1.5704,1.5692,1.5636,1.5379,1.4287,1.0734,0.49739,0.14214,0.032853,0.0071717,0.0015454,0.00033207,7.1311e-05,1.5312e-05,3.2876e-06,7.0589e-07
7.0589e-07,3.2876e-06,1.5312e-05,7.1311e-05,0.00033207,0.0015454,0.0071717,0.032853,0.14214,0.49739,1.0734,1.4287,1.5379,1.5636,1.5692,1.5704,1.5704,1.5692,1.5636,1.5379,1.4287,1.0734,0.49739,0.14214,0.032853,0.0071717,0.0015454,0.00033207,7.1311e-05,1.5312e-05,3.2876e-06,7.0589e-07
7.0589e-07,3.2876e-06,1.5312e-05,7.1311e-05,0.00033207,0.0015454,0.0071717,0.032853,0.14214,0.49739,1.0734,1.4287,1.5379,1.5636,1.5692,1.5704,1.5704,1.5692,1.5636,1.5379,1.4287,1.0734,0.49739,0.14214,0.032853,0.0071717,0.0015454,0.00033207,7.1311e-05,1.5312e-05,3.2876e-06,7.0589e-07
7.0589e-07,3.2876e-06,1.5312e-05,7.1311e-05,0.00033207,0.0015454,0.0071717,0.032853,0.14214,0.49739,1.0734,1.4287,1.5379,1.5636,1.5692,1.5704,1.5704,1.5692,1.5636,1.5379,1.4287,1.0734,0.49739,0.14214,0.032853,0.0071717,0.0015454,0.00033207,7.1311e-05,1.5312e-05,3.2876e-06,7.0589e-07
7.0589e-07,3.2876e-06,1.5312e-05,7.1311e-05,0.00033207,0.0015454,0.0071717,0.032853,0.14214,0.49739,1.0734,1.4287,1.5379,1.5636,1.5692,1.5704,1.5704,1.5692,1.5636,1.5379,1.4287,1.0734,0.49739,0.14214,0.032853,0.0071717,0.0015454,0.00033207,7.1311e-05,1.5312e-05,3.2876e-06,7.0589e-07
7.0589e-07,3.2876e-06,1.5312e-05,7.1311e-05,0.00033207,0.0015454,0.0071717,0.032853,0.14214,0.49739,1.0734,1.4287,1.5379,1.5636,1.5692,1.5704,1.5704,1.5692,1.5636,1.5379,1.4287,1.0734,0.49739,0.14214,0.032853,0.0071717,0.0015454,0.00033207,7.1311e-05,1.5312e-05,3.2876e-06,7.0589e-07
7.0589e-07,3.2876e-06,1.5312e-05,7.1311e-05,0.00033207,0.0015454,0.0071717,0.032853,0.14214,0.49739,1.0734,1.4287,1.5379,1.5636,1.5692,1.5704,1.5704,1.5692,1.5636,1.5379,1.4287,1.0734,0.49739,0.14214,0.032853,0.0071717,0.0015454,0.00033207,7.1311e-05,1.5312e-05,3.2876e-06,7.0589e-07
7.0589e-07,3.2876e-06,1.5312e-05,7.1311e-05,0.00033207,0.0015454,0.0071717,0.032853,0.14214,0.49739,1.0734,1.4287,1.5379,1.5636,1.5692,1.5704,1.5704,1.5692,1.5636,1.5379,1.4287,1.0734,0.49739,0.14214,0.032853,0.0071717,0.0015454,0.00033207,7.1311e-05,1.5312e-05,3.2876e-06,7.0589e-07
7.0589e-07,3.2876e-06,1.5312e-05,7.1311e-05,0.00033207,0.0015454,0.0071717,0.032853,0.14214,0.49739,1.0734,1.4287,1.5379,1.5636,1.5692,1.5704,1.5704,1.5692,1.5636,1.5379,1.4287,1.0734,0.49739,0.14214,0.032853,0.0071717,0.0015454,0.00033207,7.1311e-05,1.5312e-05,3.2876e-06,7.0589e-07
7.0589e-07,3.2876e-06,1.5312e-05,7.1311e-05,0.00033207,0.0015454,0.0071717,0.032853,0.14214,0.49739,1.0734,1.4287,1.5379,1.5636,1.5692,1.5704,1.5704,1.5692,1.5636,1.5379,1.4287,1.0734,0.49739,0.14214,0.032853,0.0071717,0.0015454,0.00033207,7.1311e-05,1.5312e-05,3.2876e-06,7.0589e-07
7.0589e-07,3.2876e-06,1.5312e-05,7.1311e-05,0.00033207,0.0015454,0.0071717,0.032853,0.14214,0.49739,1.0734,1.4287,1.5379,1.5636,1.5692,1.5704,1.5704,1.5692,1.5636,1.5379,1.4287,1.0734,0.49739,0.14214,0.032853,0.0071717,0.0015454,0.00033207,7.1311e-05,1.5312e-05,3.2876e-06,7.0589e-07
7.0589e-07,3.2876e-06,1.5312e-05,7.1311e-05,0.00033207,0.0015454,0.0071717,0.032853,0.14214,0.49739,1.0734,1.4287,1.5379,1.5636,1.5692,1.5704,1.5704,1.5692,1.5636,1.5379,1.4287,1.0734,0.49739,0.14214,0.032853,0.0071717,0.0015454,0.00033207,7.1311e-05,1.5312e-05,3.2876e-06,7.0589e-07
7.0589e-07,3.2876e-06,1.5312e-05,7.1311e-05,0.00033207,0.0015454,0.0071717,0.032853,0.14214,0.49739,1.0734,1.4287,1.5379,1.5636,1.5692,1.5704,1.5704,1.5692,1.5636,1.5379,1.4287,1.0734,0.49739,0.14214,0.032853,0.0071717,0.0015454,0.00033207,7.1311e-05,1.5312e-05,3.2876e-06,7.0589e-07
